1711087189305 0.0000000000 0.0000000000 0.0000000000 0.1647949219 0.8624267578 9.0087890625
1711087189379 -0.2536132813 0.5502929688 9.8047851563 0.5218505859 1.3952636719 9.3768310547
1711087189450 -0.3828125000 0.2536132813 9.8143554688 0.7031250000 1.7742919922 9.8547363281
1711087189484 -0.4210937500 0.1770507813 9.8095703125 0.7580566406 1.9885253906 10.1733398438
1711087189558 -1.2202148438 -0.0287109375 9.5416015625 0.6042480469 1.9445800781 10.4754638672
1711087189630 -0.9713867188 0.3206054688 9.9244140625 0.5822753906 1.9116210938 10.5303955078
1711087189664 -0.7608398438 0.6412109375 10.1971679688 1.1975097656 1.8072509766 10.6237792969
1711087189738 -0.3780273438 0.5933593750 9.9052734375 2.3236083984 0.9393310547 10.7391357422
1711087189809 -0.2966796875 0.4450195313 9.8239257813 2.2027587891 -0.4998779297 10.8325195312
1711087189844 0.2153320313 -0.0430664063 9.3406250000 1.6699218750 -2.1423339844 10.9204101562
1711087189918 -0.1244140625 0.4163085938 9.5033203125 2.1862792969 -2.2906494141 10.9039306641
1711087189989 -0.1626953125 0.4641601563 9.7521484375 3.3453369141 -1.1700439453 10.9643554688
1711087190023 -0.0191406250 0.8948242188 10.0583984375 3.6859130859 -0.2746582031 10.6842041016
1711087190098 -0.1770507813 0.3684570313 10.0631835938 3.7133789062 0.0549316406 10.4809570312
1711087190169 -0.6555664063 0.3684570313 9.5416015625 3.1256103516 0.0549316406 9.9920654297
1711087190203 -1.1723632812 0.5981445312 10.0583984375 3.0102539062 0.2801513672 9.3493652344
1711087190277 -0.7704101563 0.5311523438 10.3598632812 2.6202392578 0.2581787109 8.6517333984
1711087190349 -0.4880859375 0.9761718750 9.0535156250 2.2192382812 -0.1702880859 8.2727050781
1711087190383 -0.5263671875 0.5742187500 9.0774414063 2.1038818359 -0.0494384766 8.0859375000
1711087190457 -0.1914062500 0.6507812500 9.7042968750 1.7633056641 0.2142333984 9.0802001953
1711087190528 -0.2631835938 0.5790039063 9.1348632813 1.3568115234 0.2252197266 10.1788330078
1711087190563 -0.4354492188 -0.1531250000 10.2258789063 1.2963867188 0.4449462891 11.1840820312
1711087190637 0.5024414062 0.1052734375 10.1732421875 0.4394531250 0.4943847656 12.0684814453
1711087190708 0.2009765625 0.0382812500 9.0583007813 0.7031250000 0.5657958984 13.0023193359
1711087190743 0.7464843750 0.6220703125 11.6709960938 1.9885253906 1.2634277344 14.0460205078
1711087190817 0.1866210938 0.6507812500 10.5177734375 2.1697998047 1.2359619141 15.0622558594
1711087190888 0.1914062500 0.1291992188 9.1731445313 2.3071289062 1.0546875000 16.0620117188
1711087190922 0.1244140625 0.7560546875 9.8526367188 1.9995117188 1.0162353516 16.8530273438
1711087190996 0.2536132813 0.4689453125 9.9100585938 2.0434570312 0.9118652344 17.5286865234
1711087191068 0.4354492188 0.5837890625 10.0009765625 1.9500732422 0.9063720703 18.1823730469
1711087191102 0.3206054688 0.1818359375 9.4219726563 1.8237304688 1.0272216797 18.8195800781
1711087191176 0.3541015625 0.3014648438 10.6661132813 1.5765380859 1.0601806641 19.3908691406
1711087191248 0.1339843750 0.4545898438 9.5463867188 1.4337158203 0.4779052734 19.8687744141
1711087191282 0.3206054688 0.6364257813 9.9626953125 1.4062500000 0.1867675781 20.2038574219
1711087191356 0.6172851563 0.3493164063 10.3263671875 1.1810302734 0.2746582031 20.7257080078
1711087191427 0.6747070313 0.5072265625 10.6852539063 1.0546875000 0.1538085938 21.1761474609
1711087191461 0.3684570313 0.3636718750 9.4267578125 1.1041259766 0.0549316406 21.6156005859
1711087191536 0.2488281250 0.4306640625 10.0392578125 1.0601806641 0.2087402344 21.9671630859
1711087191607 0.3158203125 0.7082031250 9.9914062500 1.2084960938 -0.0933837891 22.1594238281
1711087191641 0.2823242188 0.5359375000 9.6851562500 1.2304687500 -0.3955078125 22.4615478516
1711087191715 0.5024414062 0.7799804688 10.4603515625 1.3897705078 -0.8349609375 22.6867675781
1711087191787 0.8996093750 0.4354492188 10.3167968750 1.7468261719 -1.3513183594 22.9998779297
1711087191821 1.0575195313 -0.2009765625 9.3932617188 1.7083740234 -2.1368408203 23.3624267578
1711087191895 1.0288085938 0.1722656250 9.0678710938 1.4996337891 -2.7795410156 23.5601806641
1711087191966 0.6507812500 1.0766601562 10.5608398438 2.0269775391 -2.6312255859 23.6151123047
1711087192001 0.7369140625 0.7321289063 9.7186523438 2.3455810547 -2.5323486328 23.8842773438
1711087192075 1.3494140625 1.0814453125 9.6995117188 2.4719238281 -2.5103759766 24.2578125000
1711087192146 1.0862304688 0.4019531250 9.4076171875 2.1038818359 -2.5872802734 25.0158691406
1711087192180 1.4929687500 0.5311523438 9.9626953125 1.8786621094 -2.4005126953 25.7354736328
1711087192254 1.3829101563 0.6268554688 10.2067382813 1.9445800781 -2.0489501953 26.5100097656
1711087192326 1.1245117188 -0.3780273438 9.8717773438 2.0489501953 -1.8072509766 27.3999023438
1711087192360 0.9570312500 0.0813476563 9.8622070313 2.3675537109 -1.7687988281 28.0041503906
1711087192434 0.6555664063 0.2823242188 9.5176757813 2.3510742188 -1.8072509766 28.6083984375
1711087192506 0.3349609375 0.6029296875 9.1635742188 2.0874023438 -1.6369628906 29.0643310547
1711087192540 0.3445312500 0.9570312500 9.1157226562 1.5820312500 -1.4227294922 29.3774414062
1711087192614 0.3445312500 0.9570312500 9.1157226562 1.3128662109 -1.2634277344 29.7344970703
1711087192685 -0.8086914063 -0.8230468750 10.8288085938 0.9173583984 -1.1096191406 30.2178955078
1711087192719 -1.6365234375 -0.2344726563 9.5655273438 0.5163574219 -1.4831542969 30.3881835938
1711087192794 -1.4977539063 0.1626953125 9.4889648438 1.1096191406 -1.4392089844 30.3717041016
1711087192865 -1.5025390625 1.0718750000 9.6468750000 1.3183593750 -1.3128662109 30.3607177734
1711087192899 -1.2393554688 0.2966796875 10.1445312500 1.0272216797 -0.8129882812 30.6903076172
1711087192973 -0.9378906250 1.0575195313 10.0871093750 0.2746582031 -0.2581787109 30.9429931641
1711087193045 -0.8661132813 0.0430664063 9.5128906250 -0.4998779297 0.1922607422 31.5692138672
1711087193079 -1.9906250000 -0.6125000000 8.7759765625 -2.0159912109 0.6427001953 32.1899414062
1711087193153 -1.9523437500 -0.4258789063 10.4842773438 -2.8070068359 1.4282226562 32.7941894531
1711087193224 -2.2107421875 -0.7799804688 10.2019531250 -3.9221191406 0.8239746094 33.0963134766
1711087193259 -0.9187500000 -0.8374023438 9.5798828125 -4.0155029297 2.1588134766 33.1842041016
1711087193333 -1.0144531250 -1.0000976563 9.9531250000 -3.9221191406 3.1640625000 33.4863281250
1711087193404 -0.8039062500 -0.0574218750 10.9771484375 -2.6916503906 3.9770507812 33.3050537109
1711087193438 -0.6220703125 -0.7416992188 8.2496093750 -2.2247314453 4.1473388672 33.0029296875
1711087193512 -1.1819335938 -0.1339843750 11.2355468750 -0.4010009766 4.7515869141 32.3712158203
1711087193584 -1.2967773438 1.0048828125 10.0631835938 0.3845214844 4.8724365234 32.1185302734
1711087193618 -0.8278320313 -0.3062500000 9.6755859375 0.3680419922 4.4000244141 32.1954345703
1711087193692 -1.0240234375 -0.2249023438 9.8861328125 0.2471923828 3.5815429688 32.0965576172
1711087193763 -0.7847656250 -0.0287109375 9.8047851563 0.1318359375 3.5211181641 32.1844482422
1711087193798 -0.6986328125 0.2296875000 9.6947265625 0.0000000000 3.4057617188 32.4975585938
1711087193872 -0.5981445312 0.1339843750 9.6803710938 -0.0823974609 3.1970214844 33.0303955078
1711087193943 -0.5455078125 0.3445312500 9.6947265625 -0.3845214844 3.0102539062 33.5961914062
1711087193977 -0.4976562500 0.0095703125 10.0009765625 -0.4998779297 2.6147460938 33.6785888672
1711087194052 -0.3923828125 -0.1196289063 9.7952148438 -0.6536865234 2.1752929688 33.3050537109
1711087194123 -0.3397460938 0.0239257812 9.8430664063 -0.7196044922 2.0324707031 33.3380126953
1711087194157 -0.2249023438 -0.5167968750 9.0343750000 -0.4669189453 1.8182373047 33.2666015625
1711087194231 -0.1435546875 0.2201171875 9.8717773438 -0.4669189453 1.4282226562 32.9260253906
1711087194303 -0.1818359375 0.0239257812 9.8861328125 -0.4559326172 1.0986328125 32.9919433594
1711087194337 -0.2440429688 -0.1004882813 9.8430664063 -0.4504394531 1.0821533203 32.3931884766
1711087194411 -0.4593750000 0.0478515625 9.8478515625 -0.4394531250 0.9558105469 32.4645996094
1711087194483 -0.3206054688 -0.0095703125 10.6326171875 -0.4998779297 0.5493164062 33.1457519531
1711087194517 -0.4019531250 0.2631835938 9.5990234375 -0.4998779297 0.3570556641 34.2498779297
1711087194591 2.0001953125 0.0813476563 9.8000000000 -0.5163574219 0.3405761719 35.4089355469
1711087194662 0.3349609375 0.2201171875 9.8717773438 -0.4943847656 0.2801513672 35.6890869141
1711087194697 -0.0239257812 0.0813476563 9.8382812500 -0.4888916016 0.2197265625 35.7550048828
1711087194770 -0.0717773438 0.0813476563 9.8382812500 -0.4833984375 0.1812744141 35.7989501953
1711087194842 -0.0574218750 0.0861328125 9.8095703125 -0.4724121094 0.1593017578 35.8483886719
1711087194876 -0.0430664063 0.0765625000 9.8382812500 -0.4724121094 0.1428222656 35.9197998047
1711087194950 -0.0526367188 0.0765625000 9.8382812500 -0.4669189453 0.1373291016 35.9747314453
1711087195021 -0.0669921875 0.0813476563 9.8526367188 -0.4614257812 0.1263427734 36.0351562500
1711087195056 -0.0287109375 0.1004882813 9.8382812500 -0.4559326172 0.1208496094 36.0845947266
1711087195130 -0.0287109375 0.0957031250 9.8334960938 -0.4504394531 0.1098632812 36.1230468750
1711087195201 -0.0430664063 0.0669921875 9.8622070313 -0.4449462891 0.1043701172 36.1724853516
1711087195236 -0.0287109375 0.0765625000 9.8526367188 -0.4449462891 0.1043701172 36.2164306641
1711087195310 -0.0478515625 0.0813476563 9.8478515625 -0.4394531250 0.0988769531 36.2603759766
1711087195381 -0.0622070313 0.0765625000 9.8287109375 -0.4394531250 0.0933837891 36.2988281250
1711087195415 -0.0574218750 0.0717773438 9.8382812500 -0.4339599609 0.0878906250 36.3372802734
1711087195489 -0.0478515625 0.0861328125 9.8765625000 -0.4284667969 0.0823974609 36.3757324219
1711087195561 -0.0622070313 0.0669921875 9.8095703125 -0.4284667969 0.0769042969 36.4141845703
1711087195595 -0.0239257812 0.0622070313 9.8622070313 -0.4229736328 0.0769042969 36.4471435547
1711087195669 -0.0526367188 0.0669921875 9.8334960938 -0.4229736328 0.0714111328 36.4801025391
1711087195740 -0.0669921875 0.0861328125 9.8239257813 -0.4174804688 0.0714111328 36.5130615234
1711087195775 -0.0334960938 0.0861328125 9.8191406250 -0.4119873047 0.0659179688 36.5460205078
1711087195849 -0.0382812500 0.0813476563 9.8430664063 -0.4119873047 0.0659179688 36.5734863281
1711087195920 -0.0287109375 0.0669921875 9.8239257813 -0.4119873047 0.0604248047 36.6009521484
1711087195954 -0.0574218750 0.0957031250 9.8622070313 -0.4064941406 0.0604248047 36.6284179688
1711087196029 -0.0239257812 0.0813476563 9.8382812500 -0.4064941406 0.0604248047 36.6503906250
1711087196100 -0.0526367188 0.0574218750 9.8382812500 -0.4010009766 0.0604248047 36.6833496094
1711087196134 -0.0526367188 0.0574218750 9.8382812500 -0.3955078125 0.0604248047 36.7053222656
1711087196208 -0.0813476563 0.0765625000 9.8334960938 -0.3955078125 0.0549316406 36.7272949219
1711087196280 -0.0478515625 0.0813476563 9.8382812500 -0.3900146484 0.0549316406 36.7547607422
1711087196314 -0.0526367188 0.0717773438 9.8382812500 -0.3900146484 0.0549316406 36.7712402344
1711087196388 -0.0478515625 0.0813476563 9.8430664063 -0.3900146484 0.0549316406 36.7932128906
1711087196459 -0.0574218750 0.0861328125 9.8430664063 -0.3845214844 0.0549316406 36.8151855469
1711087196494 -0.0430664063 0.0526367188 9.8717773438 -0.3845214844 0.0494384766 36.8371582031
