1711954573263 -0.0047851563 -0.1626953125 9.7904296875 -1.2579345703 -0.1757812500 -4.7845458984
1711954573263 -0.0143554688 -0.1435546875 9.8095703125 -1.2579345703 -0.1757812500 -4.8010253906
1711954573268 -0.0191406250 -0.1244140625 9.8047851563 -1.2579345703 -0.1757812500 -4.8175048828
1711954573278 -0.0334960938 -0.1435546875 9.7665039063 -1.2634277344 -0.1757812500 -4.8339843750
1711954573278 0.0095703125 -0.1052734375 9.8095703125 -1.2634277344 -0.1757812500 -4.8449707031
1711954573283 -0.0095703125 -0.1196289063 9.8143554688 -1.2634277344 -0.1757812500 -4.8614501953
1711954573293 0.0000000000 -0.1291992188 9.7904296875 -1.2634277344 -0.1757812500 -4.8779296875
1711954573293 -0.0095703125 -0.1244140625 9.8143554688 -1.2634277344 -0.1757812500 -4.8944091797
1711954573298 -0.0191406250 -0.1004882813 9.7856445312 -1.2634277344 -0.1757812500 -4.9108886719
1711954573308 0.0000000000 -0.1387695313 9.8430664063 -1.2634277344 -0.1757812500 -4.9218750000
1711954573308 -0.0287109375 -0.1196289063 9.7856445312 -1.2634277344 -0.1757812500 -4.9383544922
1711954573313 -0.0143554688 -0.1387695313 9.8143554688 -1.2689208984 -0.1757812500 -4.9548339844
1711954573323 -0.0239257812 -0.1387695313 9.8239257813 -1.2689208984 -0.1757812500 -4.9713134766
1711954573323 0.0000000000 -0.1148437500 9.8143554688 -1.2689208984 -0.1757812500 -4.9822998047
1711954573328 -0.0239257812 -0.0861328125 9.6899414062 -1.2689208984 -0.1702880859 -4.9987792969
1711954573338 -0.0334960938 -0.1435546875 9.8957031250 -1.2689208984 -0.1702880859 -5.0152587891
1711954573338 -0.0334960938 -0.1339843750 9.8095703125 -1.2689208984 -0.1647949219 -5.0262451172
1711954573343 -0.0239257812 -0.1387695313 9.7856445312 -1.2689208984 -0.1647949219 -5.0427246094
1711954573353 -0.0526367188 -0.1770507813 9.7569335938 -1.2689208984 -0.1593017578 -5.0592041016
1711954573353 0.0957031250 -0.0622070313 9.7138671875 -1.2579345703 -0.1483154297 -5.0701904297
1711954573358 -0.1196289063 -0.1387695313 9.9770507812 -1.2579345703 -0.1373291016 -5.0811767578
1711954573368 0.0765625000 -0.1148437500 9.8574218750 -1.2524414062 -0.1208496094 -5.0921630859
1711954573368 -0.0526367188 -0.1435546875 9.8478515625 -1.2469482422 -0.1098632812 -5.1031494141
1711954573373 -0.0669921875 -0.1004882813 9.8765625000 -1.2469482422 -0.1043701172 -5.1141357422
1711954573383 -0.1483398438 -0.1148437500 9.8669921875 -1.2469482422 -0.1043701172 -5.1306152344
1711954573383 -0.0095703125 -0.1531250000 9.7665039063 -1.2524414062 -0.1043701172 -5.1416015625
1711954573388 -0.0047851563 -0.1196289063 9.7904296875 -1.2524414062 -0.0988769531 -5.1580810547
1711954573398 -0.0191406250 -0.1291992188 9.7952148438 -1.2524414062 -0.0988769531 -5.1690673828
1711954573398 -0.0239257812 -0.1626953125 9.8000000000 -1.2524414062 -0.1043701172 -5.1855468750
1711954573403 -0.0430664063 -0.1196289063 9.8143554688 -1.2524414062 -0.1043701172 -5.2020263672
1711954573413 -0.0287109375 -0.1291992188 9.7904296875 -1.2579345703 -0.1043701172 -5.2130126953
1711954573413 -0.0287109375 -0.1339843750 9.8095703125 -1.2579345703 -0.1043701172 -5.2294921875
1711954573418 -0.0526367188 -0.1339843750 9.8095703125 -1.2634277344 -0.1043701172 -5.2404785156
1711954573427 -0.0334960938 -0.1435546875 9.8143554688 -1.2634277344 -0.1043701172 -5.2569580078
1711954573428 -0.0478515625 -0.1196289063 9.8095703125 -1.2634277344 -0.1043701172 -5.2679443359
1711954573432 -0.0239257812 -0.1291992188 9.7808593750 -1.2634277344 -0.1043701172 -5.2844238281
1711954573442 -0.0287109375 -0.1244140625 9.7952148438 -1.2634277344 -0.1043701172 -5.2954101562
1711954573443 -0.0334960938 -0.1244140625 9.8095703125 -1.2634277344 -0.1043701172 -5.3063964844
1711954573447 -0.0334960938 -0.1244140625 9.8095703125 -1.2634277344 -0.1043701172 -5.3228759766
1711954573457 -0.0334960938 -0.1244140625 9.8095703125 -1.2689208984 -0.1043701172 -5.3393554688
1711954573458 -0.0191406250 -0.1244140625 9.8047851563 -1.2689208984 -0.1043701172 -5.3503417969
1711954573463 -0.0287109375 -0.1339843750 9.8047851563 -1.2689208984 -0.1043701172 -5.3613281250
1711954573472 -0.0382812500 -0.1339843750 9.7952148438 -1.2689208984 -0.1043701172 -5.3778076172
1711954573473 -0.0382812500 -0.1244140625 9.8047851563 -1.2689208984 -0.0988769531 -5.3887939453
1711954573477 -0.0574218750 -0.1148437500 9.8047851563 -1.2689208984 -0.0988769531 -5.4052734375
1711954573487 0.0000000000 -0.1387695313 9.7904296875 -1.2689208984 -0.0988769531 -5.4162597656
1711954573487 -0.0287109375 -0.1339843750 9.8047851563 -1.2689208984 -0.0988769531 -5.4327392578
1711954573492 -0.0095703125 -0.1387695313 9.8000000000 -1.2744140625 -0.0988769531 -5.4437255859
1711954573502 -0.0095703125 -0.1244140625 9.8047851563 -1.2744140625 -0.0988769531 -5.4602050781
1711954573502 -0.0239257812 -0.1387695313 9.8143554688 -1.2744140625 -0.0988769531 -5.4711914062
1711954573507 -0.0430664063 -0.1435546875 9.8000000000 -1.2744140625 -0.0988769531 -5.4821777344
1711954573517 -0.0526367188 -0.1052734375 9.8191406250 -1.2744140625 -0.0988769531 -5.4986572266
1711954573517 -0.1435546875 -0.1531250000 9.8574218750 -1.2799072266 -0.0988769531 -5.5151367188
1711954573522 0.0765625000 -0.1052734375 9.7425781250 -1.2799072266 -0.1043701172 -5.5261230469
1711954573532 -0.0143554688 -0.1339843750 9.8239257813 -1.2854003906 -0.1098632812 -5.5426025391
1711954573532 0.0000000000 -0.1531250000 9.7473632813 -1.2854003906 -0.1043701172 -5.5590820312
1711954573537 -0.0430664063 -0.1052734375 9.8143554688 -1.2854003906 -0.1043701172 -5.5700683594
1711954573547 -0.0239257812 -0.1387695313 9.8047851563 -1.2854003906 -0.1043701172 -5.5865478516
1711954573547 0.0000000000 -0.1339843750 9.8143554688 -1.2854003906 -0.1043701172 -5.6030273438
1711954573552 -0.0287109375 -0.1291992188 9.8334960938 -1.2908935547 -0.1043701172 -5.6140136719
1711954573562 0.0000000000 -0.1196289063 9.8239257813 -1.2908935547 -0.1043701172 -5.6250000000
1711954573562 -0.0287109375 -0.1291992188 9.8239257813 -1.2908935547 -0.1043701172 -5.6414794922
1711954573567 -0.0287109375 -0.1387695313 9.8047851563 -1.2908935547 -0.1043701172 -5.6524658203
1711954573577 -0.0047851563 -0.1435546875 9.7952148438 -1.2908935547 -0.1043701172 -5.6634521484
1711954573577 -0.0334960938 -0.1387695313 9.8000000000 -1.2908935547 -0.1043701172 -5.6799316406
1711954573582 -0.0143554688 -0.1435546875 9.7808593750 -1.2908935547 -0.1043701172 -5.6909179688
1711954573592 -0.0287109375 -0.1387695313 9.8095703125 -1.2908935547 -0.1043701172 -5.7073974609
1711954573592 -0.0430664063 -0.1483398438 9.7856445312 -1.2908935547 -0.1043701172 -5.7183837891
1711954573597 -0.0191406250 -0.1387695313 9.8143554688 -1.2963867188 -0.1043701172 -5.7348632812
1711954573607 -0.0239257812 -0.1291992188 9.8382812500 -1.2963867188 -0.1043701172 -5.7458496094
1711954573607 -0.0191406250 -0.1244140625 9.7904296875 -1.2963867188 -0.1043701172 -5.7568359375
1711954573612 -0.0430664063 -0.1531250000 9.8191406250 -1.2963867188 -0.1043701172 -5.7733154297
1711954573622 -0.0143554688 -0.1100585938 9.7856445312 -1.2963867188 -0.0988769531 -5.7843017578
1711954573622 -0.0430664063 -0.1291992188 9.7904296875 -1.2963867188 -0.0988769531 -5.8007812500
1711954573627 -0.0382812500 -0.1196289063 9.8095703125 -1.2963867188 -0.0988769531 -5.8117675781
1711954573637 -0.0239257812 -0.1387695313 9.7808593750 -1.2963867188 -0.0988769531 -5.8282470703
1711954573637 -0.0382812500 -0.1244140625 9.7856445312 -1.3018798828 -0.0988769531 -5.8447265625
1711954573642 -0.0095703125 -0.1435546875 9.8095703125 -1.3018798828 -0.0988769531 -5.8557128906
1711954573652 -0.0382812500 -0.1339843750 9.8765625000 -1.3018798828 -0.0933837891 -5.8666992188
1711954573652 -0.0334960938 -0.1196289063 9.8047851563 -1.3018798828 -0.0933837891 -5.8831787109
1711954573657 -0.0143554688 -0.1483398438 9.7473632813 -1.3018798828 -0.0933837891 -5.8941650391
1711954573667 -0.0382812500 -0.1387695313 9.8382812500 -1.2963867188 -0.0878906250 -5.9051513672
1711954573667 -0.0430664063 -0.1244140625 9.8669921875 -1.3018798828 -0.0878906250 -5.9216308594
1711954573672 -0.0095703125 -0.1387695313 9.7617187500 -1.3018798828 -0.0878906250 -5.9326171875
1711954573682 -0.0478515625 -0.1196289063 9.7952148438 -1.3018798828 -0.0878906250 -5.9436035156
1711954573682 -0.0478515625 -0.1196289063 9.7952148438 -1.3018798828 -0.0823974609 -5.9600830078
1711954573687 -0.0334960938 -0.1004882813 9.8095703125 -1.3018798828 -0.0823974609 -5.9710693359
1711954573697 -0.0526367188 -0.1004882813 9.8143554688 -1.3018798828 -0.0823974609 -5.9875488281
1711954573697 -0.0382812500 -0.1339843750 9.7856445312 -1.3018798828 -0.0823974609 -5.9985351562
1711954573702 -0.0287109375 -0.1004882813 9.8000000000 -1.3018798828 -0.0823974609 -6.0095214844
1711954573712 -0.0430664063 -0.1339843750 9.7808593750 -1.3018798828 -0.0823974609 -6.0260009766
1711954573712 -0.0191406250 -0.1004882813 9.8000000000 -1.3018798828 -0.0769042969 -6.0369873047
1711954573717 -0.0430664063 -0.1100585938 9.8143554688 -1.3018798828 -0.0769042969 -6.0479736328
1711954573727 -0.0143554688 -0.1579101563 9.7904296875 -1.3018798828 -0.0823974609 -6.0589599609
1711954573727 -0.0430664063 -0.1339843750 9.8239257813 -1.3018798828 -0.0769042969 -6.0754394531
1711954573732 -0.0143554688 -0.1291992188 9.8239257813 -1.3018798828 -0.0769042969 -6.0864257812
1711954573742 -0.0047851563 -0.1770507813 9.7760742188 -1.3073730469 -0.0769042969 -6.0974121094
1711954573742 -0.0430664063 -0.1435546875 9.7904296875 -1.3073730469 -0.0823974609 -6.1138916016
1711954573747 -0.0287109375 -0.1339843750 9.7808593750 -1.3073730469 -0.0823974609 -6.1248779297
1711954573757 -0.0430664063 -0.1387695313 9.7665039063 -1.3073730469 -0.0823974609 -6.1358642578
1711954573757 -0.0191406250 -0.1339843750 9.7760742188 -1.3073730469 -0.0823974609 -6.1523437500
1711954573762 -0.0574218750 -0.1052734375 9.8095703125 -1.3073730469 -0.0823974609 -6.1633300781
1711954573772 -0.0526367188 -0.1291992188 9.8191406250 -1.3128662109 -0.0823974609 -6.1798095703
1711954573772 -0.0287109375 -0.1339843750 9.8095703125 -1.3128662109 -0.0823974609 -6.1907958984
1711954573777 -0.0669921875 -0.1244140625 9.8191406250 -1.3128662109 -0.0878906250 -6.2072753906
1711954573787 -0.0574218750 -0.1483398438 9.7856445312 -1.3128662109 -0.0878906250 -6.2237548828
1711954573787 -0.1435546875 -0.1722656250 9.8095703125 -1.3128662109 -0.0878906250 -6.2457275391
1711954573792 -0.1435546875 -0.1626953125 9.8239257813 -1.3128662109 -0.0823974609 -6.2731933594
1711954573802 -0.0143554688 -0.1579101563 9.8239257813 -1.3183593750 -0.0823974609 -6.3061523438
1711954573802 0.0622070313 -0.0813476563 9.8334960938 -1.3183593750 -0.0823974609 -6.3391113281
1711954573807 0.0191406250 -0.1435546875 9.8526367188 -1.3183593750 -0.0823974609 -6.3665771484
1711954573817 0.0287109375 -0.0526367188 9.7760742188 -1.3183593750 -0.0878906250 -6.3940429688
1711954573817 0.0191406250 -0.1339843750 9.8478515625 -1.3183593750 -0.0878906250 -6.4160156250
1711954573822 0.0765625000 -0.1052734375 9.8287109375 -1.3238525391 -0.0878906250 -6.4324951172
1711954573832 -0.0143554688 -0.1579101563 9.7952148438 -1.3238525391 -0.0878906250 -6.4489746094
1711954573832 -0.0717773438 -0.1770507813 9.7760742188 -1.3238525391 -0.0933837891 -6.4599609375
1711954573837 -0.0574218750 -0.1579101563 9.8047851563 -1.3293457031 -0.0933837891 -6.4764404297
1711954573847 -0.0957031250 -0.1483398438 9.8239257813 -1.3293457031 -0.0988769531 -6.4929199219
1711954573847 -0.1866210938 -0.1626953125 9.7904296875 -1.3293457031 -0.0988769531 -6.5148925781
1711954573852 -0.2727539063 -0.2392578125 9.7856445312 -1.3293457031 -0.0988769531 -6.5478515625
1711954573862 -0.1579101563 -0.1914062500 9.7856445312 -1.3348388672 -0.0988769531 -6.5972900391
1711954573862 -0.1483398438 -0.1961914063 9.7904296875 -1.3348388672 -0.0988769531 -6.6467285156
1711954573867 -0.1770507813 -0.1770507813 9.8095703125 -1.3348388672 -0.0988769531 -6.7071533203
1711954573877 -0.1387695313 -0.2344726563 9.7856445312 -1.3348388672 -0.0988769531 -6.7730712891
1711954573877 -0.0909179688 -0.1866210938 9.7569335938 -1.3348388672 -0.0988769531 -6.8499755859
1711954573882 0.0478515625 -0.1866210938 9.7569335938 -1.3348388672 -0.0988769531 -6.9213867188
1711954573892 -0.0287109375 -0.1483398438 9.7760742188 -1.3348388672 -0.0988769531 -6.9927978516
1711954573892 -0.0191406250 -0.1483398438 9.8143554688 -1.3348388672 -0.0933837891 -7.0587158203
1711954573897 0.0334960938 -0.2009765625 9.8000000000 -1.3348388672 -0.0933837891 -7.1301269531
1711954573907 0.1148437500 -0.0430664063 9.8430664063 -1.3348388672 -0.0933837891 -7.1905517578
1711954573907 0.0478515625 -0.0717773438 9.8622070313 -1.3403320312 -0.0878906250 -7.2454833984
1711954573912 0.0526367188 -0.1196289063 9.7521484375 -1.3403320312 -0.0878906250 -7.3004150391
1711954573922 -0.0574218750 -0.1004882813 9.8382812500 -1.3403320312 -0.0878906250 -7.3498535156
1711954573922 -0.0526367188 -0.1148437500 9.7856445312 -1.3403320312 -0.0823974609 -7.4047851562
1711954573927 -0.0622070313 -0.1626953125 9.8287109375 -1.3403320312 -0.0823974609 -7.4597167969
1711954573937 -0.1052734375 0.1004882813 9.7090820313 -1.3348388672 -0.0769042969 -7.5201416016
1711954573937 -0.1052734375 0.1004882813 9.7090820313 -1.3348388672 -0.0769042969 -7.5805664062
1711954573942 -0.1435546875 0.0000000000 9.8287109375 -1.3348388672 -0.0714111328 -7.6409912109
1711954573952 -0.0717773438 -0.0095703125 9.8095703125 -1.3348388672 -0.0659179688 -7.7124023438
1711954573952 -0.2631835938 0.0000000000 9.7665039063 -1.3293457031 -0.0659179688 -7.7838134766
1711954573957 -0.2344726563 -0.0382812500 9.7617187500 -1.3293457031 -0.0604248047 -7.8662109375
1711954573967 -0.0478515625 -0.0334960938 9.7856445312 -1.3293457031 -0.0604248047 -7.9541015625
1711954573967 0.0000000000 -0.1244140625 9.7521484375 -1.3293457031 -0.0549316406 -8.0310058594
1711954573972 0.0909179688 -0.1196289063 9.7952148438 -1.3293457031 -0.0549316406 -8.1134033203
1711954573982 0.2105468750 -0.1339843750 9.8239257813 -1.3293457031 -0.0494384766 -8.1848144531
1711954573982 0.0717773438 -0.0717773438 9.7569335938 -1.3238525391 -0.0494384766 -8.2452392578
1711954573987 0.0095703125 -0.1148437500 9.7617187500 -1.3238525391 -0.0439453125 -8.3001708984
1711954573997 0.0909179688 -0.0717773438 9.8143554688 -1.3238525391 -0.0439453125 -8.3441162109
1711954573997 -0.0095703125 -0.1770507813 9.7712890625 -1.3238525391 -0.0384521484 -8.3880615234
1711954574002 -0.1004882813 0.0000000000 9.7856445312 -1.3238525391 -0.0384521484 -8.4375000000
1711954574012 -0.1674804688 0.2105468750 9.7760742188 -1.3183593750 -0.0329589844 -8.4759521484
1711954574012 -0.1722656250 0.1722656250 9.7712890625 -1.3183593750 -0.0274658203 -8.5034179688
1711954574017 0.0334960938 -0.2249023438 9.7473632813 -1.3183593750 -0.0274658203 -8.5198974609
1711954574027 0.0239257812 -0.7847656250 9.9722656250 -1.3128662109 -0.0219726562 -8.5693359375
1711954574027 -0.0430664063 -0.1435546875 9.7904296875 -1.3128662109 -0.0219726562 -8.6187744141
1711954574032 -0.0430664063 -0.1435546875 9.8191406250 -1.3128662109 -0.0164794922 -8.6737060547
1711954574042 -0.1244140625 -0.1339843750 9.8000000000 -1.3128662109 -0.0164794922 -8.7286376953
1711954574042 -0.0765625000 -0.1291992188 9.8191406250 -1.3128662109 -0.0164794922 -8.7835693359
1711954574047 -0.1770507813 -0.0382812500 9.8047851563 -1.3128662109 -0.0164794922 -8.8494873047
1711954574057 -0.1100585938 -0.0861328125 9.8000000000 -1.3073730469 -0.0109863281 -8.9154052734
1711954574057 -0.0143554688 -0.0287109375 9.8382812500 -1.3073730469 -0.0109863281 -8.9813232422
1711954574062 -0.0526367188 -0.1674804688 9.8000000000 -1.3073730469 -0.0109863281 -9.0417480469
1711954574072 0.0813476563 -0.1244140625 9.8143554688 -1.3073730469 -0.0109863281 -9.1076660156
1711954574072 -0.0143554688 -0.1914062500 9.7904296875 -1.3073730469 -0.0109863281 -9.1680908203
1711954574077 0.0813476563 -0.1435546875 9.8047851563 -1.3073730469 -0.0109863281 -9.2230224609
1711954574087 0.1818359375 -0.1914062500 9.7760742188 -1.3073730469 -0.0054931641 -9.2779541016
1711954574087 0.2057617188 -0.2009765625 9.8095703125 -1.3073730469 -0.0054931641 -9.3164062500
1711954574092 0.0382812500 -0.1674804688 9.8047851563 -1.3073730469 -0.0054931641 -9.3548583984
1711954574101 0.1148437500 -0.2105468750 9.8000000000 -1.3073730469 -0.0054931641 -9.3823242188
1711954574102 0.1148437500 -0.1722656250 9.8095703125 -1.3018798828 -0.0054931641 -9.4097900391
1711954574107 0.0382812500 -0.1004882813 9.7808593750 -1.3018798828 -0.0054931641 -9.4207763672
1711954574116 -0.0909179688 0.0909179688 9.8095703125 -1.3018798828 -0.0054931641 -9.4372558594
1711954574117 -0.0430664063 0.0765625000 9.7952148438 -1.3018798828 0.0000000000 -9.4482421875
1711954574122 -0.0622070313 -0.0574218750 9.7856445312 -1.2963867188 0.0000000000 -9.4592285156
1711954574132 -0.0526367188 -0.0526367188 9.8047851563 -1.2963867188 0.0000000000 -9.4592285156
1711954574132 -0.0669921875 -0.1818359375 9.8095703125 -1.2963867188 0.0000000000 -9.4702148438
1711954574137 -0.0334960938 -0.3014648438 9.7904296875 -1.2963867188 0.0054931641 -9.4757080078
1711954574146 -0.0287109375 -0.2871093750 9.7904296875 -1.2963867188 0.0000000000 -9.4921875000
1711954574146 -0.0095703125 -0.2488281250 9.7904296875 -1.2963867188 0.0000000000 -9.5086669922
1711954574151 0.0095703125 -0.3206054688 9.8191406250 -1.2963867188 0.0000000000 -9.5306396484
1711954574161 0.1579101563 -0.3541015625 9.8000000000 -1.2963867188 0.0000000000 -9.5526123047
1711954574162 0.1100585938 -0.1866210938 9.8191406250 -1.2963867188 0.0000000000 -9.5635986328
1711954574166 -0.0669921875 -0.1818359375 9.7952148438 -1.3018798828 0.0000000000 -9.5800781250
1711954574176 -0.0765625000 -0.1387695313 9.7712890625 -1.3018798828 -0.0054931641 -9.5910644531
1711954574176 -0.0526367188 -0.1579101563 9.8191406250 -1.3018798828 0.0000000000 -9.6020507812
1711954574181 -0.0334960938 -0.1435546875 9.7760742188 -1.3018798828 0.0000000000 -9.6130371094
1711954574191 -0.0334960938 -0.1196289063 9.8143554688 -1.3018798828 0.0000000000 -9.6240234375
1711954574192 -0.0334960938 -0.1196289063 9.8143554688 -1.3018798828 0.0000000000 -9.6350097656
1711954574196 -0.0334960938 -0.1196289063 9.8143554688 -1.3018798828 0.0000000000 -9.6459960938
1711954574206 -0.0239257812 -0.1291992188 9.8717773438 -1.3073730469 0.0000000000 -9.6569824219
1711954574207 -0.0574218750 -0.1052734375 9.8239257813 -1.3128662109 -0.0054931641 -9.6679687500
1711954574211 -0.0334960938 -0.0813476563 9.8095703125 -1.3128662109 -0.0054931641 -9.6789550781
1711954574221 -0.1148437500 -0.1339843750 9.8239257813 -1.3183593750 -0.0109863281 -9.6954345703
1711954574221 -0.0239257812 -0.0717773438 9.7473632813 -1.3238525391 -0.0164794922 -9.7119140625
1711954574226 -0.0143554688 -0.0957031250 9.8287109375 -1.3293457031 -0.0164794922 -9.7229003906
1711954574236 -0.0047851563 -0.1148437500 9.7760742188 -1.3293457031 -0.0219726562 -9.7393798828
1711954574236 -0.0622070313 -0.1244140625 9.8239257813 -1.3348388672 -0.0219726562 -9.7558593750
1711954574241 -0.0430664063 -0.1339843750 9.8143554688 -1.3348388672 -0.0219726562 -9.7668457031
1711954574251 -0.0334960938 -0.1244140625 9.8382812500 -1.3403320312 -0.0274658203 -9.7833251953
1711954574251 -0.0430664063 -0.1100585938 9.8287109375 -1.3458251953 -0.0329589844 -9.7943115234
1711954574256 -0.0191406250 -0.1339843750 9.7856445312 -1.3513183594 -0.0384521484 -9.8107910156
1711954574266 -0.0430664063 -0.1291992188 9.7521484375 -1.3568115234 -0.0439453125 -9.8272705078
1711954574266 0.0000000000 -0.1626953125 9.7521484375 -1.3623046875 -0.0439453125 -9.8437500000
1711954574271 -0.0478515625 -0.1291992188 9.7808593750 -1.3623046875 -0.0439453125 -9.8602294922
1711954574281 -0.0430664063 -0.1483398438 9.8047851563 -1.3677978516 -0.0494384766 -9.8712158203
1711954574281 -0.0287109375 -0.1483398438 9.7808593750 -1.3677978516 -0.0494384766 -9.8876953125
1711954574286 -0.0382812500 -0.1626953125 9.8000000000 -1.3732910156 -0.0494384766 -9.9041748047
1711954574296 -0.0334960938 -0.1914062500 9.8143554688 -1.3732910156 -0.0439453125 -9.9151611328
1711954574296 -0.0143554688 -0.1483398438 9.8000000000 -1.3732910156 -0.0439453125 -9.9316406250
1711954574301 -0.0478515625 -0.2249023438 9.8000000000 -1.3787841797 -0.0439453125 -9.9426269531
1711954574311 -0.2727539063 -0.4593750000 9.8239257813 -1.3787841797 -0.0384521484 -9.9536132812
1711954574311 -0.3014648438 -0.7895507813 9.7904296875 -1.3787841797 -0.0329589844 -9.9591064453
1711954574316 -0.1579101563 -0.3445312500 9.8430664063 -1.3842773438 -0.0329589844 -9.9700927734
1711954574326 -0.0143554688 -0.2344726563 9.7904296875 -1.3897705078 -0.0329589844 -9.9865722656
1711954574326 -0.0095703125 -0.2392578125 9.7760742188 -1.3952636719 -0.0274658203 -10.0030517578
1711954574331 0.0526367188 0.0622070313 9.7808593750 -1.4007568359 -0.0274658203 -10.0195312500
1711954574341 -0.0765625000 -0.4928710938 9.7617187500 -1.4007568359 -0.0164794922 -10.0415039062
1711954574341 -0.1291992188 -0.2823242188 9.8813476562 -1.4062500000 -0.0164794922 -10.0634765625
1711954574346 0.0239257812 0.2823242188 9.7856445312 -1.4117431641 -0.0109863281 -10.0854492188
1711954574356 -0.0047851563 -0.1387695313 9.7425781250 -1.4117431641 -0.0109863281 -10.1074218750
1711954574356 -0.1387695313 -0.6794921875 9.8382812500 -1.4172363281 0.0000000000 -10.1239013672
1711954574361 -0.3445312500 -0.8421875000 9.9483398438 -1.4227294922 0.0054931641 -10.1403808594
1711954574371 -0.3732421875 -0.4545898438 9.8909179688 -1.4337158203 0.0164794922 -10.1733398438
1711954574371 -0.4641601563 -0.2536132813 9.7330078125 -1.4447021484 0.0219726562 -10.2117919922
1711954574376 -0.3110351562 0.0861328125 9.7473632813 -1.4611816406 0.0274658203 -10.2667236328
1711954574386 -0.0526367188 -0.2631835938 9.7665039063 -1.4721679688 0.0329589844 -10.3106689453
1711954574386 0.1100585938 0.0000000000 9.8382812500 -1.4886474609 0.0384521484 -10.3546142578
1711954574391 -0.0574218750 -0.3062500000 9.7042968750 -1.5051269531 0.0439453125 -10.3875732422
1711954574401 0.1770507813 0.3732421875 9.8478515625 -1.5216064453 0.0439453125 -10.4205322266
1711954574401 0.3636718750 0.4067382813 9.7473632813 -1.5380859375 0.0439453125 -10.4534912109
1711954574406 0.1291992188 -0.5024414062 9.7569335938 -1.5545654297 0.0549316406 -10.4644775391
1711954574416 -0.1291992188 -0.6172851563 9.9100585938 -1.5655517578 0.0714111328 -10.4644775391
1711954574416 -0.3636718750 -0.3110351562 9.8669921875 -1.5820312500 0.0878906250 -10.4589843750
1711954574421 -0.2392578125 0.2057617188 9.8334960938 -1.5985107422 0.1043701172 -10.4534912109
1711954574431 0.0239257812 -0.0047851563 9.8000000000 -1.6040039062 0.1263427734 -10.4370117188
1711954574431 0.0957031250 -0.1435546875 9.8095703125 -1.6094970703 0.1538085938 -10.4150390625
1711954574436 0.1674804688 0.3014648438 9.7186523438 -1.6149902344 0.1867675781 -10.3930664062
1711954574446 0.1914062500 0.0382812500 9.9004882813 -1.6204833984 0.2142333984 -10.3820800781
1711954574446 0.1914062500 0.0382812500 9.9004882813 -1.5490722656 0.2307128906 -10.3546142578
1711954574451 0.1914062500 0.0382812500 9.9004882813 -1.5490722656 0.2526855469 -10.3271484375
1711954574461 -0.3971679688 0.6938476562 9.7282226563 -1.5435791016 0.2691650391 -10.3051757812
1711954574461 -0.4545898438 -0.1291992188 9.7042968750 -1.5216064453 0.2746582031 -10.2667236328
1711954574466 -0.1579101563 0.4880859375 9.7760742188 -1.4831542969 0.2471923828 -10.2172851562
1711954574476 -0.2105468750 0.2105468750 9.9435546875 -1.4447021484 0.1922607422 -10.1678466797
1711954574476 -0.1722656250 0.0909179688 10.0249023438 -1.4007568359 0.1098632812 -10.1239013672
1711954574481 0.2344726563 0.0717773438 9.7952148438 -1.3623046875 0.0384521484 -10.0854492188
1711954574491 0.2201171875 0.1626953125 9.7042968750 -1.3348388672 -0.0054931641 -10.0469970703
1711954574491 -0.0669921875 -0.1770507813 9.8239257813 -1.3128662109 -0.0274658203 -10.0030517578
1711954574496 -0.0334960938 -0.0430664063 9.8574218750 -1.3018798828 -0.0329589844 -9.9645996094
1711954574506 0.0143554688 0.0095703125 9.7952148438 -1.2854003906 -0.0329589844 -9.9261474609
1711954574506 0.0334960938 -0.0143554688 9.7186523438 -1.2744140625 -0.0384521484 -9.8931884766
1711954574511 0.0717773438 -0.2201171875 9.5894531250 -1.2524414062 -0.0439453125 -9.8492431641
1711954574521 0.2105468750 -0.1052734375 9.5846679688 -1.2194824219 -0.0384521484 -9.8107910156
1711954574521 0.2440429688 -0.1722656250 9.5990234375 -1.1865234375 -0.0274658203 -9.7668457031
1711954574526 0.1244140625 -1.2393554688 9.6564453125 -1.1480712891 -0.0164794922 -9.7448730469
1711954574536 0.2727539063 0.3780273438 9.7569335938 -1.1096191406 0.0000000000 -9.7064208984
1711954574536 0.0861328125 -0.0622070313 9.9914062500 -1.0601806641 0.0109863281 -9.6624755859
1711954574541 -0.0526367188 0.0717773438 9.8957031250 -1.0162353516 0.0219726562 -9.6240234375
1711954574551 0.0047851563 0.0765625000 9.9914062500 -0.9667968750 0.0274658203 -9.5965576172
1711954574551 -0.1387695313 -0.0382812500 10.1110351563 -0.9118652344 0.0329589844 -9.5635986328
1711954574556 -0.3349609375 0.1100585938 10.0679687500 -0.8514404297 0.0329589844 -9.5361328125
1711954574566 -0.4402343750 0.1914062500 10.2450195313 -0.7800292969 0.0219726562 -9.4976806641
1711954574566 -0.1722656250 0.0717773438 10.5416992188 -0.6866455078 0.0054931641 -9.4592285156
1711954574571 0.0574218750 -0.0382812500 10.8000976563 -0.5548095703 -0.0274658203 -9.4262695312
1711954574581 0.1674804688 -0.0669921875 10.7905273438 -0.3845214844 -0.0714111328 -9.3988037109
1711954574581 0.1435546875 0.0095703125 10.5369140625 -0.1867675781 -0.1263427734 -9.3823242188
1711954574586 0.0334960938 0.2057617188 10.2976562500 0.0219726562 -0.1922607422 -9.3713378906
1711954574596 0.0526367188 0.1100585938 10.0775390625 0.2307128906 -0.2636718750 -9.3603515625
1711954574596 0.0000000000 -0.1914062500 10.1780273438 0.4449462891 -0.3460693359 -9.3493652344
1711954574601 -0.0239257812 -0.2488281250 10.3550781250 0.6646728516 -0.4284667969 -9.3438720703
1711954574611 -0.0382812500 -0.1387695313 10.4699218750 0.8953857422 -0.5108642578 -9.3383789062
1711954574611 0.1148437500 -0.0765625000 10.5225585938 1.1315917969 -0.6097412109 -9.3383789062
1711954574616 0.2871093750 0.1148437500 10.6374023438 1.3732910156 -0.7141113281 -9.3438720703
1711954574626 0.3636718750 0.1770507813 10.9197265625 1.6094970703 -0.8184814453 -9.3603515625
1711954574626 0.0526367188 0.0574218750 11.1541992188 1.8237304688 -0.9173583984 -9.3823242188
1711954574631 0.1052734375 0.0574218750 11.3695312500 2.0324707031 -1.0107421875 -9.4097900391
1711954574641 0.3349609375 0.5072265625 11.5800781250 2.2192382812 -1.1096191406 -9.4482421875
1711954574641 0.5790039063 0.8230468750 11.7284179688 2.3730468750 -1.2030029297 -9.4921875000
1711954574646 0.8326171875 1.1053710938 11.9246093750 2.4884033203 -1.3018798828 -9.5251464844
1711954574656 0.7895507813 1.1053710938 12.2834960938 2.5653076172 -1.4007568359 -9.5471191406
1711954574656 0.4545898438 0.9043945313 12.2595703125 2.6147460938 -1.5051269531 -9.5690917969
1711954574661 -0.1818359375 0.6029296875 12.2021484375 2.6367187500 -1.5985107422 -9.6130371094
1711954574671 -0.1770507813 0.5790039063 12.1255859375 2.6312255859 -1.6809082031 -9.6734619141
1711954574671 0.4258789063 0.6794921875 11.7523437500 2.5927734375 -1.7633056641 -9.7283935547
1711954574676 0.8230468750 0.8326171875 11.4652343750 2.5323486328 -1.8402099609 -9.7723388672
1711954574686 0.6172851563 0.8900390625 11.4556640625 2.4664306641 -1.9171142578 -9.7998046875
1711954574686 0.6412109375 0.9953125000 11.5944335938 2.4060058594 -1.9665527344 -9.8217773438
1711954574690 0.5311523438 0.5550781250 11.9054687500 2.3455810547 -2.0050048828 -9.8437500000
1711954574701 0.4593750000 0.3014648438 11.9820312500 2.2796630859 -2.0104980469 -9.8767089844
1711954574701 0.6029296875 0.0430664063 11.8049804688 2.2357177734 -2.0104980469 -9.8931884766
1711954574706 0.7512695313 0.1579101563 11.5944335938 2.2027587891 -2.0324707031 -9.8986816406
1711954574716 0.6938476562 0.5981445312 11.5513671875 2.1917724609 -2.0819091797 -9.8822021484
1711954574716 0.6890625000 1.0000976563 11.5657226563 2.2082519531 -2.1697998047 -9.8437500000
1711954574721 0.8517578125 1.2776367188 11.7810546875 2.2357177734 -2.2796630859 -9.7943115234
1711954574731 1.1340820313 1.2728515625 12.1112304688 2.2796630859 -2.4169921875 -9.7283935547
1711954574731 1.2967773438 1.2776367188 12.2930664063 2.3565673828 -2.5653076172 -9.6514892578
1711954574736 1.0862304688 1.5360351563 12.3552734375 2.4609375000 -2.7191162109 -9.5745849609
1711954574746 0.5885742188 1.7848632813 12.1686523438 2.5762939453 -2.8674316406 -9.5141601562
1711954574746 0.5407226563 1.7035156250 12.0442382813 2.6971435547 -3.0102539062 -9.4537353516
1711954574751 0.9713867188 1.5312500000 11.8958984375 2.8179931641 -3.1585693359 -9.3823242188
1711954574761 1.1245117188 1.7226562500 11.8624023438 2.9443359375 -3.3123779297 -9.2999267578
1711954574761 1.1292968750 2.0097656250 12.0633789063 3.0541992188 -3.4661865234 -9.2120361328
1711954574766 1.1915039063 1.8949218750 12.4653320313 3.1530761719 -3.6309814453 -9.1076660156
1711954574776 1.2919921875 1.4594726562 12.8816406250 3.2464599609 -3.8177490234 -8.9923095703
1711954574776 1.3829101563 1.3207031250 13.0395507813 3.3398437500 -4.0429687500 -8.8769531250
1711954574780 1.2776367188 1.4068359375 12.8672851563 3.4277343750 -4.3011474609 -8.7615966797
1711954574790 1.3111328125 1.4977539063 12.4701171875 3.4936523438 -4.5593261719 -8.6407470703
1711954574790 1.4020507813 1.6365234375 12.1830078125 3.5321044922 -4.8010253906 -8.5144042969
1711954574795 1.3207031250 1.7370117188 12.1925781250 3.5430908203 -5.0262451172 -8.3770751953
1711954574806 1.1484375000 1.6843750000 12.2404296875 3.5485839844 -5.2404785156 -8.2397460938
1711954574806 1.0383789063 1.4642578125 12.1303710938 3.5485839844 -5.4547119141 -8.1079101562
1711954574811 1.0383789063 1.4738281250 11.9293945313 3.5540771484 -5.6634521484 -7.9815673828
1711954574820 1.0862304688 1.5456054688 11.7762695313 3.5540771484 -5.8721923828 -7.8552246094
1711954574821 1.0575195313 1.6125976563 11.6949218750 3.5595703125 -6.0644531250 -7.7398681641
1711954574825 1.1771484375 1.5360351563 11.6470703125 3.5650634766 -6.2402343750 -7.6300048828
1711954574835 1.3829101563 1.5168945313 11.7092773438 3.5760498047 -6.3995361328 -7.5201416016
1711954574836 1.5121093750 1.4690429688 11.8958984375 3.5925292969 -6.5588378906 -7.4047851562
1711954574841 1.4259765625 1.2537109375 12.0107421875 3.6145019531 -6.7181396484 -7.3004150391
1711954574851 1.3685546875 1.0814453125 12.0968750000 3.6474609375 -6.8829345703 -7.1960449219
1711954574851 1.4786132813 1.1197265625 12.0250976563 3.6749267578 -7.0587158203 -7.0916748047
1711954574856 1.4833984375 1.1675781250 11.8049804688 3.6859130859 -7.2399902344 -6.9873046875
1711954574866 1.2824218750 0.9666015625 11.4508789063 3.6859130859 -7.4212646484 -6.8774414062
1711954574866 1.1819335938 0.7895507813 11.1159179688 3.6749267578 -7.5860595703 -6.7675781250
1711954574871 1.2393554688 0.7225585938 11.1446289063 3.6474609375 -7.7453613281 -6.6577148438
1711954574880 1.2393554688 0.6172851563 11.2929687500 3.6199951172 -7.8991699219 -6.5423583984
1711954574880 1.4116210938 0.6220703125 11.2642578125 3.5705566406 -8.0694580078 -6.4105224609
1711954574886 1.6221679688 0.8039062500 11.1781250000 3.5046386719 -8.2397460938 -6.2677001953
1711954574896 1.6365234375 0.9187500000 11.0872070313 3.4222412109 -8.4265136719 -6.1083984375
1711954574896 1.6987304688 0.9139648438 10.9867187500 3.3343505859 -8.6077880859 -5.9545898438
1711954574900 1.8040039063 0.7129882813 10.8096679688 3.2464599609 -8.7890625000 -5.7897949219
1711954574911 1.6843750000 0.6172851563 10.7139648438 3.1530761719 -8.9703369141 -5.6250000000
1711954574911 1.4738281250 0.6364257813 10.7426757812 3.0596923828 -9.1571044922 -5.4547119141
1711954574916 1.3302734375 0.6268554688 10.6134765625 2.9663085938 -9.3493652344 -5.2954101562
1711954574926 1.2919921875 0.5311523438 10.3933593750 2.8784179688 -9.5526123047 -5.1416015625
1711954574926 1.0958007813 0.3253906250 10.1732421875 2.8125000000 -9.7558593750 -4.9932861328
1711954574930 1.0575195313 0.2392578125 9.9052734375 2.7685546875 -9.9536132812 -4.8559570312
1711954574940 1.0335937500 0.2153320313 9.7282226563 2.7246093750 -10.1403808594 -4.7296142578
1711954574941 1.0240234375 0.1244140625 9.7330078125 2.6751708984 -10.3216552734 -4.6032714844
1711954574945 0.9139648438 -0.1196289063 9.8957031250 2.6092529297 -10.5029296875 -4.4824218750
1711954574956 0.9905273438 -0.2249023438 9.9914062500 2.5378417969 -10.6787109375 -4.3670654297
1711954574956 1.2393554688 -0.1579101563 9.9435546875 2.4444580078 -10.8489990234 -4.2517089844
1711954574960 1.3876953125 0.0095703125 9.9148437500 2.3291015625 -11.0192871094 -4.1363525391
1711954574971 1.3302734375 0.2057617188 9.6899414062 2.1972656250 -11.1785888672 -4.0209960938
1711954574971 1.2728515625 0.3828125000 9.4076171875 2.0654296875 -11.3269042969 -3.9056396484
1711954574976 1.1436523438 0.6125000000 9.1970703125 1.9335937500 -11.4642333984 -3.7957763672
1711954574985 1.1005859375 0.7177734375 8.9817382813 1.8237304688 -11.5795898438 -3.6859130859
1711954574985 1.1245117188 0.7416992188 8.8477539063 1.7248535156 -11.6894531250 -3.5760498047
1711954574990 1.2441406250 0.8613281250 8.8381835938 1.6424560547 -11.7938232422 -3.4716796875
1711954575000 1.4403320313 1.0192382813 9.0248046875 1.5765380859 -11.9036865234 -3.3563232422
1711954575000 1.6748046875 1.0479492188 9.2066406250 1.5106201172 -12.0135498047 -3.2354736328
1711954575005 1.8327148438 0.9235351563 9.3214843750 1.4556884766 -12.1343994141 -3.1091308594
1711954575015 1.8231445313 0.8278320313 9.3932617188 1.4172363281 -12.2607421875 -2.9772949219
1711954575015 1.8040039063 0.8230468750 9.3166992188 1.3842773438 -12.4035644531 -2.8399658203
1711954575020 1.7178710938 0.7034179688 9.2018554688 1.3568115234 -12.5463867188 -2.6916503906
1711954575031 1.5934570313 0.3253906250 9.1109375000 1.3293457031 -12.6947021484 -2.5543212891
1711954575031 1.4020507813 -0.1244140625 9.0487304688 1.3073730469 -12.8430175781 -2.4169921875
1711954575036 1.1915039063 -0.3828125000 8.9338867188 1.2854003906 -12.9858398438 -2.2851562500
1711954575045 1.1436523438 -0.5455078125 8.7711914063 1.2524414062 -13.1231689453 -2.1643066406
1711954575045 1.0431640625 -0.6651367188 8.7424804688 1.2030029297 -13.2550048828 -2.0544433594
1711954575050 1.0766601562 -0.7895507813 8.8094726563 1.1370849609 -13.3758544922 -1.9555664062
1711954575060 1.4355468750 -0.7273437500 9.1587890625 1.0437011719 -13.4967041016 -1.8621826172
1711954575061 1.7657226563 -0.5120117188 9.5320312500 0.9173583984 -13.6285400391 -1.7578125000
1711954575065 1.8901367188 -0.3206054688 9.7425781250 0.7690429688 -13.7768554688 -1.6479492188
1711954575075 1.9092773438 -0.2918945313 9.7473632813 0.6097412109 -13.9306640625 -1.5380859375
1711954575075 1.8997070313 -0.2918945313 9.7330078125 0.4504394531 -14.0954589844 -1.4227294922
1711954575080 1.9236328125 -0.2679687500 9.6229492188 0.3021240234 -14.2712402344 -1.3128662109
1711954575090 1.8901367188 -0.2440429688 9.4267578125 0.1647949219 -14.4525146484 -1.2084960938
1711954575090 1.7657226563 -0.1531250000 9.1540039063 0.0329589844 -14.6447753906 -1.1096191406
1711954575095 1.6795898438 -0.1052734375 8.8477539063 -0.0878906250 -14.8315429688 -1.0162353516
1711954575105 1.6173828125 -0.0478515625 8.6228515625 -0.1977539062 -15.0128173828 -0.9338378906
1711954575105 1.7226562500 -0.0717773438 8.5319335938 -0.3076171875 -15.1995849609 -0.8569335938
1711954575110 1.7992187500 -0.1914062500 8.6611328125 -0.4010009766 -15.3808593750 -0.7855224609
1711954575120 1.7322265625 -0.2249023438 8.8190429688 -0.4833984375 -15.5621337891 -0.7196044922
1711954575120 1.5025390625 0.5215820313 8.8238281250 -0.5603027344 -15.7434082031 -0.6317138672
1711954575125 1.9523437500 -0.3780273438 8.7329101562 -0.6317138672 -15.9301757812 -0.5767822266
1711954575135 2.1437500000 -0.1052734375 8.7999023438 -0.7141113281 -16.1169433594 -0.5273437500
1711954575135 2.1820312500 -0.0669921875 8.9578125000 -0.7965087891 -16.3037109375 -0.4779052734
1711954575140 2.0863281250 -0.1483398438 9.0965820313 -0.8789062500 -16.4794921875 -0.4284667969
1711954575150 1.9619140625 -0.1818359375 9.1875000000 -0.9503173828 -16.6552734375 -0.3900146484
1711954575150 2.0719726563 -0.1291992188 9.2353515625 -1.0162353516 -16.8310546875 -0.3570556641
1711954575155 2.1533203125 -0.0717773438 9.1875000000 -1.0766601562 -17.0068359375 -0.3350830078
1711954575165 2.1485351563 -0.0430664063 9.0965820313 -1.1425781250 -17.1881103516 -0.3076171875
1711954575165 2.2011718750 0.0430664063 9.0152343750 -1.2084960938 -17.3638916016 -0.2966308594
1711954575170 2.2968750000 0.1722656250 9.1300781250 -1.2744140625 -17.5396728516 -0.2856445312
1711954575180 2.3208007812 0.1435546875 9.2640625000 -1.3348388672 -17.7099609375 -0.2691650391
1711954575181 2.4978515625 0.1291992188 9.2544921875 -1.3897705078 -17.8802490234 -0.2416992188
1711954575185 2.5983398438 0.1674804688 9.2066406250 -1.4392089844 -18.0560302734 -0.2142333984
1711954575195 2.5504882813 0.1626953125 9.0774414063 -1.4721679688 -18.2373046875 -0.1867675781
1711954575195 2.5504882813 0.1626953125 9.0774414063 -1.4941406250 -18.4185791016 -0.1647949219
1711954575200 2.6031250000 0.1579101563 8.6419921875 -1.5106201172 -18.5888671875 -0.1428222656
1711954575210 2.7466796875 0.0957031250 8.5654296875 -1.5161132812 -18.7646484375 -0.1208496094
1711954575210 2.7849609375 0.0717773438 8.6180664063 -1.5216064453 -18.9349365234 -0.0988769531
1711954575215 2.8519531250 0.0430664063 8.6419921875 -1.5216064453 -19.1107177734 -0.0659179688
1711954575225 3.0098632813 -0.0622070313 8.6276367188 -1.5270996094 -19.2864990234 -0.0274658203
1711954575225 3.1582031250 -0.0957031250 8.6372070312 -1.5325927734 -19.4677734375 0.0109863281
1711954575230 3.1486328125 -0.0574218750 8.5367187500 -1.5435791016 -19.6490478516 0.0604248047
1711954575240 3.0098632813 -0.1770507813 8.4792968750 -1.5545654297 -19.8248291016 0.1043701172
1711954575240 2.9572265625 -0.2679687500 8.3692382813 -1.5545654297 -19.9896240234 0.1538085938
1711954575245 3.1007812500 -0.1722656250 8.2639648438 -1.5490722656 -20.1434326172 0.1977539062
1711954575255 3.2539062500 -0.0334960938 8.1826171875 -1.5490722656 -20.2917480469 0.2416992188
1711954575255 3.2060546875 0.0143554688 8.0342773438 -1.5710449219 -20.4400634766 0.2856445312
1711954575260 3.2251953125 0.0000000000 7.9290039063 -1.5985107422 -20.5828857422 0.3350830078
1711954575270 3.2491210938 -0.0382812500 7.8667968750 -1.6369628906 -20.7257080078 0.3790283203
1711954575270 3.3208984375 -0.0717773438 7.8237304688 -1.6754150391 -20.8685302734 0.4284667969
1711954575275 3.3735351563 0.0047851563 7.8189453125 -1.7083740234 -21.0113525391 0.4724121094
1711954575285 3.4979492188 0.1052734375 7.8093750000 -1.7358398438 -21.1486816406 0.5163574219
1711954575285 3.6415039063 0.2009765625 7.9146484375 -1.7578125000 -21.2915039062 0.5603027344
1711954575290 3.7659179688 0.2105468750 7.9912109375 -1.7797851562 -21.4398193359 0.6097412109
1711954575300 3.7850585938 0.0765625000 8.1251953125 -1.7962646484 -21.5881347656 0.6646728516
1711954575300 3.6797851563 -0.1435546875 8.2878906250 -1.8127441406 -21.7364501953 0.7141113281
1711954575305 3.5745117188 -0.3684570313 8.3357421875 -1.8237304688 -21.8902587891 0.7745361328
1711954575315 3.5984375000 -0.4833007813 8.2448242188 -1.8237304688 -22.0440673828 0.8239746094
1711954575315 3.6127929688 -0.5598632813 8.1395507813 -1.8182373047 -22.1978759766 0.8734130859
1711954575320 3.7419921875 -0.6316406250 8.1156250000 -1.8292236328 -22.3516845703 0.9173583984
1711954575330 3.7515625000 -0.6459960938 8.1874023438 -1.8457031250 -22.4945068359 0.9613037109
1711954575330 3.7850585938 -0.5837890625 8.1826171875 -1.8731689453 -22.6373291016 1.0052490234
1711954575335 3.9429687500 -0.5024414062 8.1730468750 -1.9116210938 -22.7746582031 1.0546875000
1711954575345 4.0003906250 -0.4593750000 8.2113281250 -1.9555664062 -22.9119873047 1.1041259766
1711954575345 3.9525390625 -0.4450195313 8.2304687500 -1.9995117188 -23.0438232422 1.1535644531
1711954575350 3.9908203125 -0.4498046875 8.2543945312 -2.0379638672 -23.1811523438 1.1920166016
1711954575360 4.0673828125 -0.3158203125 8.3405273438 -2.0709228516 -23.3184814453 1.2304687500
1711954575360 4.2396484375 -0.1531250000 8.3931640625 -2.1038818359 -23.4667968750 1.2744140625
1711954575365 4.3114257813 -0.1052734375 8.4410156250 -2.1423339844 -23.6260986328 1.3238525391
1711954575375 4.2252929688 -0.1291992188 8.4075195313 -2.1807861328 -23.7854003906 1.3732910156
1711954575375 4.1678710938 -0.1100585938 8.3644531250 -2.2192382812 -23.9447021484 1.4337158203
1711954575380 4.1200195313 -0.0813476563 8.2783203125 -2.2521972656 -24.1149902344 1.5051269531
1711954575390 4.1295898438 -0.0717773438 8.0294921875 -2.2796630859 -24.2797851562 1.5710449219
1711954575390 4.1056640625 -0.1196289063 7.8333007813 -2.3071289062 -24.4390869141 1.6424560547
1711954575395 4.0673828125 -0.1866210938 7.7328125000 -2.3291015625 -24.5928955078 1.7028808594
1711954575404 4.0147460938 -0.1483398438 7.6993164063 -2.3400878906 -24.7467041016 1.7633056641
1711954575405 4.0482421875 -0.0622070313 7.6036132813 -2.3400878906 -24.9005126953 1.8237304688
1711954575409 3.9908203125 -0.0813476563 7.5079101563 -2.3345947266 -25.0488281250 1.8731689453
1711954575420 3.9668945313 -0.1866210938 7.4839843750 -2.3236083984 -25.1916503906 1.9226074219
1711954575420 4.0099609375 -0.2057617188 7.4504882813 -2.3071289062 -25.3289794922 1.9665527344
1711954575425 4.0960937500 -0.1866210938 7.4935546875 -2.2851562500 -25.4608154297 2.0104980469
1711954575435 4.0817382813 -0.2488281250 7.5749023438 -2.2686767578 -25.5871582031 2.0544433594
1711954575435 4.0960937500 -0.3636718750 7.7041015625 -2.2467041016 -25.7135009766 2.0983886719
1711954575440 3.9525390625 -0.4593750000 7.8141601563 -2.2192382812 -25.8398437500 2.1423339844
1711954575450 3.9860351563 -0.3828125000 7.6897460938 -2.1807861328 -25.9606933594 2.1862792969
1711954575450 3.9860351563 -0.3828125000 7.6897460938 -2.1588134766 -26.0815429688 2.2357177734
1711954575455 4.1965820313 -0.1866210938 7.5174804688 -2.1368408203 -26.1968994141 2.2851562500
1711954575465 4.2157226563 -0.1722656250 7.4887695313 -2.1258544922 -26.3067626953 2.3291015625
1711954575465 4.2492187500 -0.1483398438 7.4552734375 -2.1148681641 -26.4111328125 2.3785400391
1711954575469 4.2875000000 -0.0334960938 7.4457031250 -2.1148681641 -26.5155029297 2.4224853516
1711954575480 4.3640625000 0.0861328125 7.3930664063 -2.1203613281 -26.6198730469 2.4719238281
1711954575480 4.4454101563 0.2057617188 7.3691406250 -2.1313476562 -26.7242431641 2.5268554688
1711954575484 4.4166992188 0.2344726563 7.3882812500 -2.1423339844 -26.8231201172 2.5872802734
1711954575494 4.4501953125 0.2057617188 7.4169921875 -2.1533203125 -26.9274902344 2.6477050781
1711954575495 4.4549804688 0.1483398438 7.3787109375 -2.1588134766 -27.0318603516 2.7136230469
1711954575500 4.4262695312 0.0957031250 7.2590820313 -2.1533203125 -27.1362304688 2.7795410156
1711954575510 4.4071289063 0.0382812500 7.1442382813 -2.1478271484 -27.2406005859 2.8509521484
1711954575510 4.3975585938 0.0095703125 7.0916015625 -2.1423339844 -27.3504638672 2.9168701172
1711954575515 4.4310546875 0.0047851563 7.0389648438 -2.1423339844 -27.4603271484 2.9882812500
1711954575524 4.3688476563 -0.0382812500 6.9576171875 -2.1478271484 -27.5701904297 3.0651855469
1711954575525 4.2970703125 -0.1004882813 6.7949218750 -2.1588134766 -27.6800537109 3.1420898438
1711954575530 4.2444335938 -0.0765625000 6.6083007813 -2.1697998047 -27.7844238281 3.2135009766
1711954575539 4.2252929688 -0.0909179688 6.3977539063 -2.1862792969 -27.8833007812 3.2849121094
1711954575540 4.2013671875 -0.0765625000 6.3164062500 -2.2027587891 -27.9656982422 3.3563232422
1711954575545 4.1917968750 -0.1387695313 6.2733398438 -2.2192382812 -28.0426025391 3.4277343750
1711954575554 4.2444335938 -0.1148437500 6.1632812500 -2.2357177734 -28.1140136719 3.4991455078
1711954575554 4.2875000000 0.0239257812 6.0292968750 -2.2576904297 -28.1744384766 3.5705566406
1711954575560 4.3066406250 0.0717773438 5.9814453125 -2.2851562500 -28.2348632812 3.6474609375
1711954575569 4.2827148438 0.0430664063 5.9383789063 -2.3181152344 -28.2843017578 3.7243652344
1711954575569 4.2157226563 -0.0334960938 5.8905273438 -2.3455810547 -28.3282470703 3.8122558594
1711954575575 4.1630859375 -0.0669921875 5.7948242188 -2.3620605469 -28.3666992188 3.8946533203
1711954575584 4.1104492188 -0.1387695313 5.7900390625 -2.3730468750 -28.3996582031 3.9825439453
1711954575585 4.0721679688 -0.2679687500 5.7804687500 -2.3675537109 -28.4216308594 4.0594482422
1711954575590 4.0721679688 -0.4306640625 5.7900390625 -2.3565673828 -28.4326171875 4.1418457031
1711954575599 4.0673828125 -0.5455078125 5.7421875000 -2.3291015625 -28.4436035156 4.2187500000
1711954575600 4.0625976563 -0.5742187500 5.7278320313 -2.2961425781 -28.4490966797 4.2956542969
1711954575605 3.9716796875 -0.7704101563 5.7852539063 -2.2576904297 -28.4436035156 4.3670654297
1711954575614 3.8855468750 -1.0096679688 5.8570312500 -2.2137451172 -28.4326171875 4.4439697266
1711954575614 3.9190429688 -1.1388671875 5.9527343750 -2.1643066406 -28.4161376953 4.5098876953
1711954575619 4.0482421875 -1.1005859375 5.9958007813 -2.1148681641 -28.3996582031 4.5812988281
1711954575629 4.1487304688 -1.0575195313 6.0149414063 -2.0764160156 -28.3721923828 4.6472167969
1711954575629 4.2396484375 -1.0910156250 6.1584960938 -2.0489501953 -28.3502197266 4.7186279297
1711954575634 4.2731445313 -1.1340820313 6.3164062500 -2.0324707031 -28.3282470703 4.7845458984
1711954575644 4.2683593750 -1.1436523438 6.3690429688 -2.0159912109 -28.3062744141 4.8559570312
1711954575644 4.2157226563 -1.1053710938 6.2924804688 -2.0050048828 -28.2843017578 4.9218750000
1711954575649 4.1965820313 -1.1053710938 6.1824218750 -1.9940185547 -28.2678222656 4.9932861328
1711954575659 4.0817382813 -1.1388671875 6.1297851563 -1.9775390625 -28.2458496094 5.0592041016
1711954575659 3.9908203125 -1.1101562500 6.0197265625 -1.9610595703 -28.2183837891 5.1251220703
1711954575664 4.0386718750 -1.0479492188 5.9096679688 -1.9390869141 -28.1964111328 5.1910400391
1711954575674 4.1056640625 -0.9378906250 5.8570312500 -1.9171142578 -28.1634521484 5.2624511719
1711954575675 4.1008789063 -0.9235351563 5.7708984375 -1.8896484375 -28.1304931641 5.3283691406
1711954575679 3.9764648438 -0.9426757813 5.7469726563 -1.8511962891 -28.0865478516 5.3833007812
1711954575689 3.8999023438 -0.8086914063 5.7278320313 -1.8017578125 -28.0371093750 5.4382324219
1711954575689 3.9094726563 -0.7177734375 5.7134765625 -1.7523193359 -27.9821777344 5.4821777344
1711954575694 3.9860351563 -0.6125000000 5.7278320313 -1.7028808594 -27.9217529297 5.5261230469
1711954575705 4.0721679688 -0.4833007813 5.8235351563 -1.6589355469 -27.8503417969 5.5700683594
1711954575705 4.0673828125 -0.4450195313 5.9383789063 -1.6204833984 -27.7844238281 5.6195068359
1711954575709 3.9956054688 -0.4019531250 5.9958007813 -1.5930175781 -27.7075195312 5.6689453125
1711954575719 3.9381835938 -0.3301757813 6.0436523438 -1.5600585938 -27.6361083984 5.7183837891
1711954575719 3.8711914063 -0.3062500000 6.0867187500 -1.5270996094 -27.5537109375 5.7678222656
1711954575724 3.7515625000 -0.3206054688 6.1824218750 -1.4886474609 -27.4713134766 5.8227539062
1711954575734 3.5553710938 -0.4163085938 6.1872070313 -1.4337158203 -27.3889160156 5.8776855469
1711954575734 3.4740234375 -0.4976562500 6.1297851563 -1.3732910156 -27.3010253906 5.9326171875
1711954575739 3.4213867188 -0.5455078125 6.1345703125 -1.2963867188 -27.2076416016 5.9820556641
1711954575749 3.4835937500 -0.5742187500 6.1106445313 -1.2194824219 -27.1087646484 6.0260009766
1711954575749 3.4548828125 -0.5215820313 6.1489257813 -1.1370849609 -26.9989013672 6.0699462891
1711954575754 3.3687500000 -0.4498046875 6.1680664063 -1.0601806641 -26.8835449219 6.1083984375
1711954575764 3.3352539063 -0.4019531250 6.2015625000 -0.9887695312 -26.7572021484 6.1413574219
1711954575764 3.3687500000 -0.4354492188 6.3307617188 -0.9118652344 -26.6253662109 6.1743164062
1711954575769 3.3783203125 -0.3828125000 6.4791015625 -0.8349609375 -26.4825439453 6.2017822266
1711954575779 3.3831054688 -0.2536132813 6.5508789063 -0.7690429688 -26.3397216797 6.2237548828
1711954575779 3.3448242188 -0.1531250000 6.5413085938 -0.6976318359 -26.1968994141 6.2512207031
1711954575784 3.2874023438 -0.1052734375 6.4886718750 -0.6317138672 -26.0540771484 6.2731933594
1711954575794 3.2251953125 -0.1244140625 6.4551757813 -0.5603027344 -25.9057617188 6.2951660156
1711954575794 3.2156250000 -0.0669921875 6.4503906250 -0.4833984375 -25.7574462891 6.3171386719
1711954575799 3.2156250000 0.0861328125 6.4025390625 -0.4064941406 -25.6036376953 6.3391113281
1711954575809 3.1821289063 0.3206054688 6.2398437500 -0.3295898438 -25.4498291016 6.3610839844
1711954575809 3.0385742188 0.5263671875 5.7948242188 -0.2691650391 -25.2850341797 6.3885498047
1711954575814 3.0768554688 0.6986328125 5.7852539063 -0.1812744141 -25.1257324219 6.4050292969
1711954575824 3.1342773438 0.8996093750 5.7613281250 -0.0933837891 -24.9664306641 6.4379882812
1711954575824 3.0816406250 1.1532226563 5.5794921875 0.0054931641 -24.7796630859 6.4764404297
1711954575829 2.9763671875 1.4211914063 5.4790039062 0.1043701172 -24.5709228516 6.5203857422
1711954575839 2.8232421875 1.6173828125 5.4646484375 0.2142333984 -24.3347167969 6.5753173828
1711954575839 2.6844726563 1.6987304688 5.3210937500 0.3131103516 -24.0710449219 6.6522216797
1711954575844 2.5600585938 1.6078125000 5.5268554688 0.4119873047 -23.7854003906 6.7456054688
1711954575854 2.4595703125 1.4499023438 5.7134765625 0.5328369141 -23.4887695312 6.8499755859
1711954575854 2.4404296875 1.2058593750 6.1967773438 0.7031250000 -23.1921386719 6.9543457031
1711954575859 2.4882812500 0.8565429688 6.8571289063 0.9173583984 -22.8900146484 7.0477294922
1711954575869 2.6126953125 0.4019531250 7.6801757813 1.1755371094 -22.5878906250 7.1301269531
1711954575869 2.7897460938 -0.1387695313 8.5080078125 1.4721679688 -22.3022460938 7.1905517578
1711954575874 2.9715820313 -0.5837890625 8.9960937500 1.7907714844 -22.0385742188 7.2399902344
1711954575884 3.0720703125 -0.8613281250 9.1157226562 2.1203613281 -21.7968750000 7.2784423828
1711954575884 3.0864257813 -1.0431640625 9.1109375000 2.4334716797 -21.5716552734 7.3114013672
1711954575889 3.0672851563 -1.1005859375 9.0487304688 2.7026367188 -21.3574218750 7.3333740234
1711954575899 3.0768554688 -1.0958007813 8.8573242188 2.9168701172 -21.1486816406 7.3553466797
1711954575899 3.0768554688 -0.9953125000 8.5223632813 3.0761718750 -20.9344482422 7.3663330078
1711954575904 2.9572265625 -0.6890625000 8.1682617188 3.1695556641 -20.7147216797 7.3773193359
1711954575914 2.9572265625 -0.1435546875 7.8859375000 3.2189941406 -20.4785156250 7.3937988281
1711954575914 2.9141601563 0.4067382813 7.5222656250 3.2354736328 -20.2368164062 7.4102783203
1711954575919 2.7993164062 0.9091796875 7.2208007813 3.2299804688 -19.9731445312 7.4267578125
1711954575929 2.7275390625 1.2680664062 7.1346679688 3.2299804688 -19.6820068359 7.4542236328
1711954575929 2.6653320313 1.5551757813 7.1873046875 3.2519531250 -19.3798828125 7.4816894531
1711954575934 2.6557617188 1.8805664063 7.4265625000 3.3123779297 -19.0667724609 7.5146484375
1711954575944 2.6557617188 2.0480468750 7.6945312500 3.4277343750 -18.7536621094 7.5476074219
1711954575944 2.6653320313 1.8566406250 7.9912109375 3.5925292969 -18.4460449219 7.5915527344
1711954575949 2.6461914063 1.3254882813 8.4027343750 3.8177490234 -18.1439208984 7.6300048828
1711954575959 2.6605468750 0.7177734375 8.9291015625 4.1033935547 -17.8527832031 7.6574707031
1711954575959 2.7562500000 0.2583984375 9.3166992188 4.4329833984 -17.5726318359 7.6684570312
1711954575964 2.8519531250 0.0765625000 9.5559570313 4.7900390625 -17.3144531250 7.6739501953
1711954575974 2.9524414063 0.0047851563 9.7665039063 5.1361083984 -17.0727539062 7.6739501953
1711954575974 3.0337890625 -0.0382812500 10.0392578125 5.4437255859 -16.8475341797 7.6794433594
1711954575979 3.2108398438 -0.2249023438 10.3263671875 5.6964111328 -16.6278076172 7.6794433594
1711954575989 3.3256835938 -0.2823242188 10.4986328125 5.8886718750 -16.4245605469 7.6849365234
1711954575989 3.3113281250 -0.1196289063 10.3598632812 6.0205078125 -16.2268066406 7.6849365234
1711954575994 3.1199218750 0.1674804688 10.0536132813 6.0919189453 -16.0290527344 7.6904296875
1711954576004 2.8088867188 0.4354492188 9.7090820313 6.0974121094 -15.8422851562 7.7069091797
1711954576004 2.4260742188 0.7369140625 9.1252929688 6.0589599609 -15.6445312500 7.7233886719
1711954576009 2.1772460938 1.0910156250 8.4888671875 5.9765625000 -15.4302978516 7.7453613281
1711954576019 2.0767578125 1.5073242188 7.9385742188 5.8666992188 -15.2050781250 7.7893066406
1711954576019 2.0193359375 1.9188476563 7.6801757813 5.7348632812 -14.9633789062 7.8442382812
1711954576024 1.8662109375 2.2346679688 7.6706054688 5.6085205078 -14.7052001953 7.9101562500
1711954576033 1.7800781250 2.3112304688 7.9146484375 5.4986572266 -14.4250488281 7.9815673828
1711954576033 1.7035156250 2.1916015625 8.4218750000 5.4327392578 -14.1229248047 8.0529785156
1711954576038 1.7274414063 1.9714843750 9.0774414063 5.4327392578 -13.8208007812 8.1134033203
1711954576049 1.8709960938 1.8135742188 9.7856445312 5.4876708984 -13.5186767578 8.1573486328
1711954576049 2.0289062500 1.7944335938 10.3359375000 5.5920410156 -13.2330322266 8.1903076172
1711954576054 2.2394531250 1.8279296875 10.7857421875 5.7293701172 -12.9638671875 8.2177734375
1711954576063 2.4547851563 1.7800781250 11.2020507813 5.8776855469 -12.7111816406 8.2397460938
1711954576064 2.5983398438 1.5743164063 11.5322265625 6.0150146484 -12.4804687500 8.2617187500
1711954576069 2.5935546875 1.3876953125 11.7427734375 6.1303710938 -12.2772216797 8.2836914062
1711954576079 2.5983398438 1.3781250000 11.7714843750 6.2072753906 -12.0904541016 8.2946777344
1711954576079 2.5122070312 1.4116210938 11.5800781250 6.2347412109 -11.9036865234 8.3056640625
1711954576084 2.1581054688 1.4164062500 11.2738281250 6.2072753906 -11.7224121094 8.3221435547
1711954576093 1.8279296875 1.3876953125 10.8000976563 6.1358642578 -11.5301513672 8.3551025391
1711954576094 1.6125976563 1.6748046875 10.1349609375 6.0150146484 -11.3378906250 8.3990478516
1711954576099 1.4738281250 1.9906250000 9.5703125000 5.8557128906 -11.1291503906 8.4484863281
1711954576108 1.2058593750 2.1676757813 9.1731445313 5.6744384766 -10.8984375000 8.5198974609
1711954576109 1.0240234375 2.3208007812 8.9482421875 5.4931640625 -10.6402587891 8.6132812500
1711954576113 1.1149414063 2.4117187500 8.6132812500 5.3063964844 -10.3601074219 8.7121582031
1711954576123 1.1101562500 2.1916015625 8.9338867188 5.1525878906 -10.0524902344 8.8055419922
1711954576123 1.0958007813 1.9140625000 9.4650390625 5.0372314453 -9.7229003906 8.8934326172
1711954576128 1.2632812500 1.5982421875 10.0679687500 4.9768066406 -9.3823242188 8.9703369141
1711954576138 1.5073242188 1.2345703125 10.6900390625 4.9658203125 -9.0472412109 9.0417480469
1711954576138 1.5982421875 0.8517578125 11.2164062500 4.9987792969 -8.7231445312 9.0911865234
1711954576144 1.6460937500 0.4354492188 11.5992187500 5.0537109375 -8.4100341797 9.1351318359
1711954576154 1.6508789063 0.0239257812 11.8958984375 5.1251220703 -8.1079101562 9.1571044922
1711954576154 1.6987304688 -0.2871093750 12.1351562500 5.2020263672 -7.8112792969 9.1625976562
1711954576159 1.8087890625 -0.3541015625 12.3552734375 5.2624511719 -7.5256347656 9.1516113281
1711954576169 1.9475585938 -0.2009765625 12.5275390625 5.2954101562 -7.2509765625 9.1296386719
1711954576169 2.0480468750 0.0095703125 12.6328125000 5.2789306641 -6.9927978516 9.1131591797
1711954576174 1.7417968750 -0.1244140625 13.0347656250 5.2294921875 -6.7510986328 9.1076660156
1711954576184 1.5647460938 -0.2679687500 13.0347656250 5.1635742188 -6.5258789062 9.1186523438
1711954576184 1.5647460938 -0.2344726563 12.6998046875 5.0811767578 -6.3226318359 9.1296386719
1711954576189 1.4786132813 0.0622070313 12.1877929688 4.9877929688 -6.1193847656 9.1241455078
1711954576199 1.4786132813 0.0622070313 12.1877929688 4.8779296875 -5.9216308594 9.1296386719
1711954576199 0.9618164063 0.9331054688 11.3982421875 4.7460937500 -5.7183837891 9.1516113281
1711954576203 0.8421875000 1.0670898438 11.1972656250 4.6087646484 -5.5151367188 9.1845703125
1711954576214 0.6077148438 1.0623046875 11.2355468750 4.4769287109 -5.3063964844 9.2120361328
1711954576214 0.4067382813 1.0623046875 11.2211914062 4.3725585938 -5.0866699219 9.2449951172
1711954576219 0.2153320313 1.2824218750 11.1015625000 4.2901611328 -4.8614501953 9.2669677734
1711954576228 0.0909179688 1.4929687500 11.0584960938 4.2352294922 -4.6307373047 9.2779541016
1711954576228 0.0430664063 1.5360351563 11.1829101563 4.1967773438 -4.3890380859 9.2834472656
1711954576233 0.0095703125 1.4451171875 11.4795898438 4.1748046875 -4.1363525391 9.2889404297
1711954576243 0.0909179688 1.4642578125 11.8432617188 4.1473388672 -3.8836669922 9.2834472656
1711954576243 0.2871093750 1.6413085938 12.2452148438 4.1253662109 -3.6309814453 9.2834472656
1711954576248 0.5694335938 1.8949218750 12.5849609375 4.0924072266 -3.3837890625 9.2834472656
1711954576258 0.7464843750 2.0671875000 12.9342773438 4.0594482422 -3.1530761719 9.2944335938
1711954576258 0.6986328125 2.1102539063 13.2835937500 4.0209960938 -2.9333496094 9.3109130859
1711954576263 0.6555664063 2.1150390625 13.4845703125 3.9935302734 -2.7465820312 9.3328857422
1711954576273 0.6268554688 2.2155273438 13.5276367188 3.9715576172 -2.5817871094 9.3493652344
1711954576273 0.7082031250 2.3734375000 13.4893554688 3.9605712891 -2.4389648438 9.3603515625
1711954576279 0.7464843750 2.4021484375 13.4367187500 3.9495849609 -2.3126220703 9.3878173828
1711954576288 0.6507812500 2.2825195313 13.3027343750 3.9495849609 -2.1972656250 9.4207763672
1711954576288 0.4067382813 1.9954101563 13.2261718750 3.9495849609 -2.0983886719 9.4702148438
1711954576293 0.3110351562 1.6891601563 12.9773437500 3.9440917969 -2.0104980469 9.5251464844
1711954576304 0.2536132813 1.5408203125 12.6710937500 3.9221191406 -1.9335937500 9.5800781250
1711954576304 0.1770507813 1.5743164063 12.3361328125 3.8891601562 -1.8566894531 9.6350097656
1711954576308 0.0765625000 1.7370117188 11.9246093750 3.8397216797 -1.7797851562 9.6844482422
1711954576318 0.1004882813 1.9188476563 11.5417968750 3.7738037109 -1.6973876953 9.7393798828
1711954576318 0.1531250000 2.0193359375 11.3264648438 3.6914062500 -1.6040039062 9.8052978516
1711954576323 0.2392578125 1.9044921875 11.3360351563 3.6035156250 -1.4996337891 9.8712158203
1711954576333 0.2871093750 1.5982421875 11.5274414063 3.5266113281 -1.4007568359 9.9426269531
1711954576333 0.2918945313 1.4164062500 11.7523437500 3.4661865234 -1.3018798828 10.0085449219
1711954576338 0.2201171875 1.3302734375 11.8432617188 3.4332275391 -1.2194824219 10.0689697266
1711954576348 0.2057617188 1.3350585938 11.7858398438 3.4057617188 -1.1480712891 10.1184082031
1711954576348 0.3301757813 1.2441406250 11.7475585938 3.3782958984 -1.0876464844 10.1568603516
1711954576353 0.4210937500 1.0862304688 11.8001953125 3.3398437500 -1.0327148438 10.1898193359
1711954576363 0.3684570313 0.9474609375 11.8432617188 3.2958984375 -0.9832763672 10.2172851562
1711954576363 0.2918945313 0.9761718750 11.7188476563 3.2354736328 -0.9338378906 10.2282714844
1711954576368 0.1579101563 0.9474609375 11.6183593750 3.1530761719 -0.8843994141 10.2392578125
1711954576378 0.0000000000 0.8708984375 11.5465820313 3.0651855469 -0.8294677734 10.2502441406
1711954576378 -0.2392578125 0.5694335938 11.4221679688 2.9663085938 -0.7745361328 10.2557373047
1711954576383 -0.5550781250 0.2488281250 11.4365234375 2.8619384766 -0.7086181641 10.2557373047
1711954576393 -0.5837890625 0.0574218750 11.4652343750 2.7575683594 -0.6427001953 10.2502441406
1711954576393 -0.4019531250 0.0765625000 11.3982421875 2.6477050781 -0.5767822266 10.2502441406
1711954576398 -0.2966796875 0.3253906250 11.2929687500 2.5433349609 -0.5218505859 10.2557373047
1711954576408 -0.3445312500 0.5550781250 11.2068359375 2.4279785156 -0.4669189453 10.2777099609
1711954576409 -0.3588867188 0.6412109375 11.1446289063 2.3126220703 -0.4174804688 10.3106689453
1711954576413 -0.3828125000 0.4785156250 11.1972656250 2.1972656250 -0.3570556641 10.3491210938
1711954576423 -0.4545898438 0.5646484375 12.4222656250 2.0764160156 -0.3021240234 10.3765869141
1711954576423 0.1674804688 1.3685546875 16.2456054688 1.7742919922 -0.2691650391 10.3765869141
1711954576428 -1.2872070313 -2.1916015625 26.1365234375 1.3732910156 -0.3350830078 10.3710937500
1711954576438 1.0000976563 -0.5455078125 11.0297851562 1.2469482422 -0.6042480469 10.3381347656
1711954576438 2.9859375000 1.6413085938 7.7758789063 1.1590576172 -0.6262207031 10.2227783203
1711954576443 0.6459960938 0.6316406250 10.8479492188 1.1315917969 -0.6152343750 10.2172851562
1711954576453 0.6459960938 0.6316406250 10.8479492188 1.0986328125 -0.6152343750 10.2392578125
1711954576453 -1.2728515625 0.8852539063 9.4698242188 1.0437011719 -0.6262207031 10.2447509766
1711954576458 -0.6364257813 0.3971679688 9.7569335938 0.9997558594 -0.6152343750 10.2227783203
1711954576468 -0.0909179688 0.1866210938 9.6851562500 0.9558105469 -0.6097412109 10.1898193359
1711954576468 -0.1244140625 0.0861328125 9.5320312500 0.9118652344 -0.5932617188 10.1458740234
1711954576473 -0.4928710938 0.0526367188 9.4267578125 0.8734130859 -0.5438232422 10.0964355469
1711954576483 -0.6555664063 0.1291992188 9.2688476563 0.8514404297 -0.4888916016 10.0415039062
1711954576483 -0.5024414062 0.3014648438 8.9291015625 0.8404541016 -0.4394531250 9.9865722656
1711954576488 -0.3971679688 0.4593750000 8.5797851563 0.8074951172 -0.4010009766 9.9371337891
1711954576498 -0.6459960938 0.3445312500 8.8142578125 0.7525634766 -0.4064941406 9.9041748047
1711954576498 -0.5550781250 0.2918945313 9.2066406250 0.6921386719 -0.4779052734 9.8822021484
1711954576503 -0.3445312500 0.6125000000 8.8381835938 0.6811523438 -0.6317138672 9.8492431641
1711954576513 -0.2344726563 0.8517578125 9.6803710938 0.6646728516 -0.8129882812 9.8107910156
1711954576513 0.0047851563 0.7369140625 10.6804687500 0.6372070312 -1.0052490234 9.7613525391
1711954576518 0.4019531250 0.4067382813 11.2068359375 0.5822753906 -1.1810302734 9.6954345703
1711954576528 0.4258789063 0.2344726563 10.6278320313 0.5218505859 -1.3293457031 9.6350097656
1711954576528 0.2201171875 0.5837890625 10.0296875000 0.4614257812 -1.4556884766 9.5690917969
1711954576533 0.1961914063 0.6986328125 9.9579101563 0.4064941406 -1.5985107422 9.5141601562
1711954576543 0.9043945313 1.5408203125 8.8333984375 0.3405761719 -1.7468261719 9.4592285156
1711954576543 0.3349609375 0.6842773438 8.8429687500 0.2471923828 -1.8731689453 9.4042968750
1711954576548 0.2966796875 0.2823242188 7.3547851563 0.1153564453 -1.8786621094 9.3493652344
1711954576558 0.9809570313 0.8230468750 4.9765625000 -0.0329589844 -1.6699218750 9.2779541016
1711954576558 0.8326171875 -1.5982421875 9.5607421875 -0.2746582031 -1.2524414062 9.2285156250
1711954576563 -0.1148437500 -1.2728515625 17.9730468750 -0.2197265625 -0.8789062500 9.1406250000
1711954576573 -1.4211914063 0.6268554688 12.5083984375 -0.2197265625 -0.7635498047 9.0472412109
1711954576573 -0.0813476563 0.2679687500 9.2736328125 -0.2911376953 -0.7690429688 8.9208984375
1711954576578 0.8134765625 0.0765625000 9.9244140625 -0.3131103516 -0.8129882812 8.7780761719
1711954576588 0.6220703125 0.4115234375 9.5224609375 -0.3295898438 -0.8239746094 8.6132812500
1711954576588 0.4067382813 0.1435546875 9.8478515625 -0.3460693359 -0.8129882812 8.4429931641
1711954576593 0.6029296875 0.5359375000 10.0631835938 -0.3790283203 -0.8074951172 8.2562255859
1711954576603 0.2057617188 0.8565429688 9.9770507812 -0.3900146484 -0.8020019531 8.0859375000
1711954576603 0.0717773438 1.1292968750 9.7808593750 -0.3955078125 -0.8184814453 7.9431152344
1711954576608 -0.0669921875 0.7416992188 9.6851562500 -0.4010009766 -0.8514404297 7.8277587891
1711954576618 -0.3206054688 -0.0909179688 9.7952148438 -0.4010009766 -0.8734130859 7.7233886719
1711954576618 -0.0478515625 -0.4450195313 9.7904296875 -0.3955078125 -0.8898925781 7.6190185547
1711954576623 -0.1100585938 -0.3588867188 9.7952148438 -0.3955078125 -0.9063720703 7.5146484375
1711954576633 -0.1866210938 -0.1483398438 9.8430664063 -0.3900146484 -0.9173583984 7.4377441406
1711954576633 0.3110351562 0.4354492188 9.7425781250 -0.3955078125 -0.9338378906 7.3498535156
1711954576638 0.5120117188 0.3971679688 9.9196289063 -0.3955078125 -0.9503173828 7.2619628906
1711954576648 0.5407226563 0.4498046875 9.9339843750 -0.3900146484 -0.9613037109 7.1905517578
1711954576648 0.5933593750 1.0000976563 9.7090820313 -0.3955078125 -0.9777832031 7.1191406250
1711954576653 0.5455078125 1.2824218750 9.8622070313 -0.4010009766 -0.9887695312 7.0532226562
1711954576663 0.5742187500 1.1771484375 9.6851562500 -0.4064941406 -1.0107421875 6.9873046875
1711954576663 0.4163085938 0.8756835938 9.9100585938 -0.4119873047 -1.0217285156 6.9213867188
1711954576668 0.1244140625 0.6603515625 9.7425781250 -0.4229736328 -1.0382080078 6.8499755859
1711954576677 -0.1626953125 0.2249023438 9.7856445312 -0.4339599609 -1.0546875000 6.7730712891
1711954576678 -0.2344726563 0.1866210938 9.6181640625 -0.4504394531 -1.0656738281 6.6796875000
1711954576682 -0.4928710938 -0.5167968750 9.7425781250 -0.4669189453 -1.0656738281 6.5917968750
1711954576692 -0.3253906250 0.1196289063 9.5750976563 -0.4998779297 -1.0711669922 6.4874267578
1711954576693 -0.3158203125 0.0047851563 9.9387695313 -0.5328369141 -1.0711669922 6.3940429688
1711954576697 0.0000000000 0.1626953125 9.7282226563 -0.5548095703 -1.0821533203 6.3226318359
1711954576708 0.1626953125 0.5550781250 9.8574218750 -0.5822753906 -1.0931396484 6.2512207031
1711954576708 0.2009765625 0.4545898438 9.8047851563 -0.6042480469 -1.1041259766 6.1907958984
1711954576713 0.4258789063 0.4641601563 9.4124023438 -0.6372070312 -1.1151123047 6.1193847656
1711954576722 0.3445312500 0.6747070313 9.7569335938 -0.6701660156 -1.1206054688 6.0534667969
1711954576723 0.3493164063 0.4258789063 9.5894531250 -0.7031250000 -1.1151123047 5.9710693359
1711954576728 0.3158203125 -0.1244140625 9.8239257813 -0.7470703125 -1.1041259766 5.8776855469
1711954576737 0.3158203125 -0.1244140625 9.8239257813 -0.7855224609 -1.0931396484 5.7678222656
1711954576738 0.1626953125 0.0669921875 9.8382812500 -0.8294677734 -1.0766601562 5.6579589844
1711954576742 0.2488281250 0.0382812500 9.7330078125 -0.8734130859 -1.0601806641 5.5426025391
1711954576753 -0.2775390625 -0.9666015625 9.7712890625 -0.9118652344 -1.0327148438 5.4217529297
1711954576753 -0.8134765625 -2.3255859375 9.8813476562 -0.9338378906 -0.9942626953 5.2954101562
1711954576758 -1.0383789063 -3.0242187500 10.1253906250 -0.9558105469 -0.9503173828 5.1635742188
1711954576768 -1.1292968750 -2.5552734375 10.1014648438 -0.9777832031 -0.9228515625 5.0207519531
1711954576768 -0.8039062500 -1.9092773438 10.1110351563 -0.9997558594 -0.9118652344 4.8779296875
1711954576772 -0.5167968750 -0.8756835938 9.9531250000 -0.9997558594 -0.9118652344 4.7625732422
1711954576782 -0.1148437500 -0.1148437500 9.7042968750 -1.0052490234 -0.9118652344 4.6636962891
1711954576782 0.0861328125 0.1866210938 9.7330078125 -1.0162353516 -0.9063720703 4.5812988281
1711954576787 -0.0861328125 -0.1914062500 9.8047851563 -1.0162353516 -0.9008789062 4.5153808594
1711954576797 -0.1100585938 -0.2918945313 9.8334960938 -1.0162353516 -0.8953857422 4.4604492188
1711954576797 -0.0622070313 -0.2009765625 9.7617187500 -1.0217285156 -0.8898925781 4.4055175781
1711954576802 -0.1291992188 -0.6172851563 9.7952148438 -1.0272216797 -0.8843994141 4.3560791016
1711954576812 -0.3397460938 -0.8469726563 9.7569335938 -1.0327148438 -0.8734130859 4.3066406250
1711954576812 -0.1148437500 -0.4019531250 9.8669921875 -1.0327148438 -0.8679199219 4.2462158203
1711954576817 -0.1148437500 -0.4354492188 9.8478515625 -1.0382080078 -0.8569335938 4.1912841797
1711954576827 0.0143554688 -0.1866210938 9.7712890625 -1.0437011719 -0.8514404297 4.1363525391
1711954576827 -0.0717773438 -0.1339843750 9.8191406250 -1.0437011719 -0.8459472656 4.0814208984
1711954576832 -0.0813476563 -0.2488281250 9.7952148438 -1.0491943359 -0.8404541016 4.0319824219
1711954576843 -0.0717773438 -0.2009765625 9.8095703125 -1.0546875000 -0.8349609375 3.9880371094
1711954576843 -0.2440429688 -0.2966796875 9.8191406250 -1.0546875000 -0.8294677734 3.9331054688
1711954576848 -0.1674804688 -0.3732421875 9.8095703125 -1.0601806641 -0.8239746094 3.8836669922
1711954576857 -0.2823242188 -0.3636718750 9.8526367188 -1.0601806641 -0.8129882812 3.8287353516
1711954576858 -0.2440429688 -0.2966796875 9.7617187500 -1.0656738281 -0.8074951172 3.7738037109
1711954576863 -0.1196289063 -0.1866210938 9.8334960938 -1.0656738281 -0.8074951172 3.7188720703
1711954576872 -0.1196289063 -0.2201171875 9.8143554688 -1.0711669922 -0.8020019531 3.6584472656
1711954576872 -0.1100585938 -0.2679687500 9.7856445312 -1.0711669922 -0.7965087891 3.5925292969
1711954576878 -0.0909179688 -0.2057617188 9.7952148438 -1.0766601562 -0.7910156250 3.5321044922
1711954576887 -0.1196289063 -0.2583984375 9.8239257813 -1.0766601562 -0.7800292969 3.4661865234
1711954576887 -0.0287109375 -0.1579101563 9.8000000000 -1.0821533203 -0.7800292969 3.3947753906
1711954576892 -0.0287109375 -0.1626953125 9.7952148438 -1.0821533203 -0.7745361328 3.3288574219
1711954576902 -0.0191406250 -0.1435546875 9.8047851563 -1.0876464844 -0.7690429688 3.2629394531
1711954576902 0.0095703125 -0.1052734375 9.8000000000 -1.0876464844 -0.7635498047 3.1915283203
1711954576907 -0.0191406250 -0.1435546875 9.7760742188 -1.0931396484 -0.7635498047 3.1256103516
1711954576917 0.0000000000 -0.0717773438 9.8000000000 -1.0931396484 -0.7580566406 3.0651855469
1711954576917 0.0191406250 -0.1244140625 9.8095703125 -1.0986328125 -0.7525634766 2.9992675781
1711954576922 0.0047851563 -0.1531250000 9.8191406250 -1.0986328125 -0.7470703125 2.9388427734
1711954576932 -0.0047851563 -0.1387695313 9.8047851563 -1.1041259766 -0.7415771484 2.8784179688
1711954576932 0.0000000000 -0.0861328125 9.7904296875 -1.1041259766 -0.7360839844 2.8179931641
1711954576937 0.0000000000 -0.1387695313 9.8095703125 -1.1096191406 -0.7360839844 2.7575683594
1711954576947 -0.0430664063 -0.1674804688 9.8430664063 -1.1096191406 -0.7305908203 2.6971435547
1711954576947 -0.0143554688 -0.1866210938 9.8574218750 -1.1096191406 -0.7250976562 2.6367187500
1711954576952 -0.0047851563 -0.1579101563 9.8143554688 -1.1096191406 -0.7250976562 2.5762939453
1711954576962 -0.0287109375 -0.1626953125 9.7952148438 -1.1096191406 -0.7196044922 2.5158691406
1711954576962 -0.0430664063 -0.1387695313 9.7904296875 -1.1096191406 -0.7141113281 2.4554443359
1711954576967 -0.0239257812 -0.1435546875 9.8047851563 -1.1096191406 -0.7086181641 2.4005126953
1711954576977 0.0000000000 -0.1387695313 9.7952148438 -1.1041259766 -0.7031250000 2.3400878906
1711954576978 -0.0239257812 -0.1196289063 9.8239257813 -1.1041259766 -0.6976318359 2.2796630859
1711954576982 -0.0191406250 -0.1435546875 9.8047851563 -1.1096191406 -0.6976318359 2.2247314453
1711954576992 -0.0191406250 -0.1435546875 9.8047851563 -1.1096191406 -0.6921386719 2.1643066406
1711954576992 -0.1435546875 -0.3349609375 9.8526367188 -1.1096191406 -0.6921386719 2.0983886719
1711954576997 -0.0430664063 -0.0334960938 9.8143554688 -1.1151123047 -0.6921386719 2.0379638672
1711954577007 0.0334960938 -0.1196289063 9.8334960938 -1.1206054688 -0.6976318359 1.9720458984
1711954577008 0.1148437500 -0.1818359375 9.8717773438 -1.1260986328 -0.7086181641 1.9061279297
1711954577012 0.1579101563 0.1626953125 9.7234375000 -1.1315917969 -0.7086181641 1.8566894531
1711954577022 0.1052734375 0.0717773438 9.6660156250 -1.1425781250 -0.7031250000 1.8127441406
1711954577022 -0.5455078125 -0.3636718750 10.0105468750 -1.1370849609 -0.6921386719 1.7578125000
1711954577027 0.3636718750 -0.0382812500 9.8861328125 -1.1370849609 -0.7031250000 1.6973876953
1711954577037 -0.0430664063 -0.1531250000 9.8000000000 -1.1370849609 -0.6976318359 1.6479492188
1711954577037 0.0000000000 -0.1196289063 9.7952148438 -1.1425781250 -0.6976318359 1.5930175781
1711954577042 0.0000000000 -0.1052734375 9.8047851563 -1.1425781250 -0.6976318359 1.5380859375
1711954577052 0.0047851563 -0.1339843750 9.7856445312 -1.1425781250 -0.6921386719 1.4831542969
1711954577052 -0.0191406250 -0.1004882813 9.8047851563 -1.1425781250 -0.6921386719 1.4282226562
1711954577057 0.0287109375 -0.1196289063 9.7808593750 -1.1425781250 -0.6921386719 1.3787841797
1711954577067 -0.0143554688 -0.1291992188 9.8191406250 -1.1480712891 -0.6866455078 1.3238525391
1711954577067 0.0191406250 -0.1196289063 9.8239257813 -1.1480712891 -0.6866455078 1.2744140625
1711954577072 0.0095703125 -0.1339843750 9.7904296875 -1.1480712891 -0.6866455078 1.2194824219
1711954577082 0.0000000000 -0.1387695313 9.8095703125 -1.1480712891 -0.6866455078 1.1700439453
1711954577082 0.0143554688 -0.1244140625 9.8191406250 -1.1480712891 -0.6811523438 1.1151123047
1711954577087 -0.0191406250 -0.1052734375 9.8143554688 -1.1535644531 -0.6811523438 1.0656738281
1711954577097 -0.0239257812 -0.1148437500 9.7952148438 -1.1535644531 -0.6811523438 1.0162353516
1711954577097 -0.0047851563 -0.1148437500 9.7856445312 -1.1535644531 -0.6756591797 0.9613037109
1711954577102 0.0000000000 -0.1196289063 9.8143554688 -1.1535644531 -0.6756591797 0.9118652344
1711954577112 0.0000000000 -0.1196289063 9.7808593750 -1.1535644531 -0.6756591797 0.8624267578
1711954577112 -0.0191406250 -0.1244140625 9.8143554688 -1.1590576172 -0.6701660156 0.8129882812
1711954577117 -0.0047851563 -0.1435546875 9.7904296875 -1.1590576172 -0.6701660156 0.7635498047
1711954577127 -0.0143554688 -0.1148437500 9.7856445312 -1.1590576172 -0.6701660156 0.7141113281
1711954577127 -0.0095703125 -0.1244140625 9.7904296875 -1.1590576172 -0.6646728516 0.6591796875
1711954577132 0.0000000000 -0.1531250000 9.8047851563 -1.1590576172 -0.6646728516 0.6097412109
1711954577142 -0.0095703125 -0.1244140625 9.8239257813 -1.1645507812 -0.6646728516 0.5603027344
1711954577142 0.0000000000 -0.1339843750 9.8000000000 -1.1645507812 -0.6591796875 0.5108642578
1711954577147 0.0095703125 -0.1196289063 9.8095703125 -1.1645507812 -0.6591796875 0.4614257812
1711954577157 0.0143554688 -0.1291992188 9.7904296875 -1.1645507812 -0.6591796875 0.4119873047
1711954577157 -0.0191406250 -0.1387695313 9.7952148438 -1.1645507812 -0.6536865234 0.3680419922
1711954577162 -0.0095703125 -0.1531250000 9.7760742188 -1.1700439453 -0.6536865234 0.3186035156
1711954577172 0.0191406250 -0.1196289063 9.7904296875 -1.1700439453 -0.6536865234 0.2691650391
1711954577172 -0.0191406250 -0.1196289063 9.8191406250 -1.1700439453 -0.6536865234 0.2197265625
1711954577177 -0.0047851563 -0.1339843750 9.7952148438 -1.1700439453 -0.6481933594 0.1702880859
1711954577187 0.0095703125 -0.1196289063 9.7808593750 -1.1700439453 -0.6481933594 0.1208496094
1711954577187 -0.0095703125 -0.1339843750 9.7808593750 -1.1755371094 -0.6481933594 0.0714111328
1711954577192 -0.0095703125 -0.1339843750 9.7808593750 -1.1755371094 -0.6427001953 0.0219726562
1711954577202 0.0000000000 -0.1339843750 9.8191406250 -1.1755371094 -0.6427001953 -0.0219726562
1711954577202 -0.0143554688 -0.1004882813 9.8095703125 -1.1755371094 -0.6427001953 -0.0659179688
1711954577207 0.0047851563 -0.1244140625 9.7952148438 -1.1755371094 -0.6372070312 -0.1153564453
1711954577217 -0.0047851563 -0.1339843750 9.8143554688 -1.1755371094 -0.6372070312 -0.1647949219
1711954577217 -0.0047851563 -0.1244140625 9.7856445312 -1.1755371094 -0.6372070312 -0.2142333984
1711954577222 -0.0191406250 -0.1244140625 9.7904296875 -1.1810302734 -0.6372070312 -0.2581787109
1711954577232 0.0000000000 -0.1387695313 9.8239257813 -1.1810302734 -0.6317138672 -0.3076171875
1711954577232 0.0000000000 -0.1339843750 9.8095703125 -1.1810302734 -0.6317138672 -0.3515625000
1711954577237 -0.0239257812 -0.1244140625 9.8191406250 -1.1810302734 -0.6262207031 -0.4010009766
1711954577247 -0.0239257812 -0.1244140625 9.8191406250 -1.1810302734 -0.6262207031 -0.4449462891
1711954577247 -0.0047851563 -0.1244140625 9.8095703125 -1.1810302734 -0.6262207031 -0.4943847656
1711954577252 0.0047851563 -0.1435546875 9.7904296875 -1.1810302734 -0.6207275391 -0.5383300781
1711954577262 0.0000000000 -0.1244140625 9.8191406250 -1.1865234375 -0.6207275391 -0.5822753906
1711954577262 0.0047851563 -0.1244140625 9.8095703125 -1.1865234375 -0.6207275391 -0.6262207031
1711954577267 0.0047851563 -0.1196289063 9.7904296875 -1.1865234375 -0.6207275391 -0.6756591797
1711954577277 0.0000000000 -0.1100585938 9.8095703125 -1.1865234375 -0.6152343750 -0.7196044922
1711954577277 -0.0095703125 -0.1387695313 9.8000000000 -1.1865234375 -0.6152343750 -0.7635498047
1711954577282 0.0047851563 -0.1339843750 9.8047851563 -1.1865234375 -0.6152343750 -0.8074951172
1711954577292 0.0000000000 -0.1196289063 9.8334960938 -1.1865234375 -0.6152343750 -0.8569335938
1711954577292 0.0000000000 -0.1291992188 9.8047851563 -1.1865234375 -0.6097412109 -0.9008789062
1711954577297 0.0000000000 -0.1244140625 9.8047851563 -1.1920166016 -0.6097412109 -0.9448242188
1711954577306 -0.0047851563 -0.1339843750 9.7952148438 -1.1920166016 -0.6097412109 -0.9887695312
1711954577307 0.0047851563 -0.1244140625 9.7665039063 -1.1920166016 -0.6097412109 -1.0327148438
1711954577311 -0.0191406250 -0.1148437500 9.8287109375 -1.1920166016 -0.6042480469 -1.0821533203
1711954577321 0.0095703125 -0.1244140625 9.8143554688 -1.1920166016 -0.6042480469 -1.1260986328
1711954577322 0.0047851563 -0.1244140625 9.8191406250 -1.1920166016 -0.6042480469 -1.1700439453
1711954577326 0.0047851563 -0.1148437500 9.8143554688 -1.1920166016 -0.5987548828 -1.2139892578
1711954577336 0.0047851563 -0.1531250000 9.8000000000 -1.1975097656 -0.5987548828 -1.2579345703
1711954577337 0.0095703125 -0.1483398438 9.8047851563 -1.1975097656 -0.5987548828 -1.3018798828
1711954577341 0.0143554688 -0.1387695313 9.8095703125 -1.1975097656 -0.5987548828 -1.3458251953
1711954577351 -0.0239257812 -0.1291992188 9.8143554688 -1.1975097656 -0.5932617188 -1.3897705078
1711954577352 0.0000000000 -0.1435546875 9.8000000000 -1.1975097656 -0.5932617188 -1.4337158203
1711954577357 0.0000000000 -0.1196289063 9.8095703125 -1.1975097656 -0.5932617188 -1.4776611328
1711954577367 -0.0095703125 -0.1435546875 9.8143554688 -1.2030029297 -0.5932617188 -1.5161132812
1711954577367 0.0000000000 -0.1387695313 9.7856445312 -1.2030029297 -0.5932617188 -1.5600585938
1711954577372 -0.0095703125 -0.1483398438 9.7904296875 -1.2030029297 -0.5877685547 -1.6040039062
1711954577381 0.0000000000 -0.1339843750 9.8000000000 -1.2030029297 -0.5877685547 -1.6479492188
1711954577382 0.0239257812 -0.1291992188 9.7904296875 -1.2030029297 -0.5877685547 -1.6918945312
1711954577386 0.0047851563 -0.1052734375 9.8143554688 -1.2030029297 -0.5877685547 -1.7358398438
1711954577396 0.0095703125 -0.1435546875 9.7952148438 -1.2030029297 -0.5822753906 -1.7797851562
1711954577397 0.0000000000 -0.1387695313 9.8287109375 -1.2030029297 -0.5822753906 -1.8237304688
1711954577402 0.0095703125 -0.1387695313 9.7904296875 -1.2030029297 -0.5822753906 -1.8676757812
1711954577412 0.0000000000 -0.1291992188 9.8047851563 -1.2084960938 -0.5822753906 -1.9061279297
1711954577412 -0.0191406250 -0.1339843750 9.7808593750 -1.2084960938 -0.5767822266 -1.9500732422
1711954577417 0.0000000000 -0.1339843750 9.7760742188 -1.2084960938 -0.5767822266 -1.9940185547
1711954577426 0.0095703125 -0.1244140625 9.8334960938 -1.2084960938 -0.5767822266 -2.0324707031
1711954577426 0.0047851563 -0.1244140625 9.8191406250 -1.2084960938 -0.5767822266 -2.0709228516
1711954577432 0.0047851563 -0.1291992188 9.7904296875 -1.2084960938 -0.5767822266 -2.1148681641
1711954577442 -0.0047851563 -0.1052734375 9.8095703125 -1.2139892578 -0.5712890625 -2.1533203125
1711954577442 -0.0047851563 -0.1291992188 9.8047851563 -1.2139892578 -0.5712890625 -2.1972656250
1711954577446 -0.0047851563 -0.1291992188 9.8047851563 -1.2139892578 -0.5712890625 -2.2357177734
1711954577456 0.0047851563 -0.1339843750 9.7665039063 -1.2139892578 -0.5657958984 -2.2796630859
1711954577457 0.0000000000 -0.1626953125 9.8047851563 -1.2139892578 -0.5657958984 -2.3181152344
1711954577462 -0.0143554688 -0.1244140625 9.8047851563 -1.2139892578 -0.5657958984 -2.3620605469
1711954577472 -0.0095703125 -0.1291992188 9.7808593750 -1.2139892578 -0.5603027344 -2.4005126953
1711954577472 -0.0191406250 -0.1244140625 9.8143554688 -1.2139892578 -0.5603027344 -2.4444580078
1711954577476 0.0095703125 -0.1148437500 9.7856445312 -1.2194824219 -0.5603027344 -2.4829101562
1711954577486 0.0095703125 -0.1291992188 9.8047851563 -1.2194824219 -0.5603027344 -2.5213623047
1711954577486 -0.0095703125 -0.1626953125 9.7952148438 -1.2194824219 -0.5603027344 -2.5598144531
1711954577491 0.0191406250 -0.0765625000 9.7856445312 -1.2194824219 -0.5548095703 -2.5982666016
1711954577501 0.0191406250 -0.0765625000 9.7856445312 -1.2194824219 -0.5548095703 -2.6422119141
1711954577501 -0.0191406250 -0.1052734375 9.8047851563 -1.2194824219 -0.5548095703 -2.6806640625
1711954577506 0.0000000000 -0.1004882813 9.8191406250 -1.2194824219 -0.5493164062 -2.7191162109
1711954577516 -0.0191406250 -0.1148437500 9.7904296875 -1.2194824219 -0.5493164062 -2.7630615234
1711954577516 0.0095703125 -0.1100585938 9.8047851563 -1.2249755859 -0.5493164062 -2.8015136719
1711954577521 -0.0047851563 -0.1148437500 9.8000000000 -1.2249755859 -0.5493164062 -2.8399658203
1711954577531 0.0095703125 -0.1244140625 9.7904296875 -1.2249755859 -0.5438232422 -2.8784179688
1711954577531 0.0047851563 -0.1244140625 9.8334960938 -1.2249755859 -0.5438232422 -2.9168701172
1711954577536 0.0000000000 -0.1196289063 9.8000000000 -1.2249755859 -0.5438232422 -2.9553222656
1711954577546 0.0334960938 -0.1483398438 9.8287109375 -1.2249755859 -0.5438232422 -2.9937744141
1711954577546 0.0095703125 -0.1244140625 9.7808593750 -1.2249755859 -0.5383300781 -3.0322265625
1711954577551 0.0047851563 -0.1052734375 9.8000000000 -1.2249755859 -0.5383300781 -3.0706787109
1711954577561 0.0000000000 -0.1579101563 9.8000000000 -1.2304687500 -0.5383300781 -3.1091308594
1711954577561 0.0095703125 -0.1674804688 9.7952148438 -1.2304687500 -0.5383300781 -3.1475830078
1711954577566 -0.0095703125 -0.0909179688 9.8382812500 -1.2304687500 -0.5383300781 -3.1860351562
1711954577576 0.0095703125 -0.2918945313 9.7760742188 -1.2304687500 -0.5383300781 -3.2244873047
1711954577576 0.0239257812 -0.0191406250 9.8813476562 -1.2304687500 -0.5328369141 -3.2629394531
1711954577581 -0.0813476563 -0.1339843750 9.8382812500 -1.2359619141 -0.5328369141 -3.2958984375
1711954577591 0.0047851563 -0.1961914063 9.7282226563 -1.2359619141 -0.5328369141 -3.3343505859
1711954577591 0.0430664063 -0.1196289063 9.7760742188 -1.2359619141 -0.5218505859 -3.3728027344
1711954577596 -0.0287109375 -0.0765625000 9.8239257813 -1.2414550781 -0.5163574219 -3.4112548828
1711954577606 -0.0239257812 -0.1339843750 9.7904296875 -1.2524414062 -0.5108642578 -3.4442138672
1711954577606 0.0095703125 -0.1244140625 9.8191406250 -1.2579345703 -0.5053710938 -3.4826660156
1711954577611 -0.0287109375 -0.0717773438 9.7665039063 -1.2689208984 -0.4998779297 -3.5156250000
1711954577621 0.0000000000 -0.1387695313 9.7712890625 -1.2799072266 -0.4943847656 -3.5485839844
1711954577621 -0.0047851563 -0.1722656250 9.8669921875 -1.2908935547 -0.4833984375 -3.5870361328
1711954577626 -0.0287109375 -0.0861328125 9.8047851563 -1.2963867188 -0.4833984375 -3.6199951172
1711954577636 -0.0095703125 -0.1674804688 9.8430664063 -1.2963867188 -0.4833984375 -3.6584472656
1711954577636 -0.0143554688 -0.1435546875 9.8047851563 -1.2963867188 -0.4833984375 -3.6914062500
1711954577641 0.0095703125 -0.1626953125 9.7760742188 -1.2963867188 -0.4833984375 -3.7298583984
1711954577651 -0.0191406250 -0.1435546875 9.7952148438 -1.2963867188 -0.4833984375 -3.7628173828
1711954577651 -0.0047851563 -0.0957031250 9.8287109375 -1.2963867188 -0.4833984375 -3.8012695312
1711954577657 0.0095703125 -0.1435546875 9.7856445312 -1.2963867188 -0.4833984375 -3.8342285156
1711954577666 0.0000000000 -0.1531250000 9.7952148438 -1.2963867188 -0.4833984375 -3.8726806641
1711954577666 0.0000000000 -0.1387695313 9.7856445312 -1.2963867188 -0.4833984375 -3.9056396484
1711954577671 -0.0191406250 -0.1244140625 9.8000000000 -1.2963867188 -0.4833984375 -3.9440917969
1711954577681 -0.0047851563 -0.1531250000 9.7712890625 -1.3018798828 -0.4833984375 -3.9770507812
1711954577681 -0.0095703125 -0.1818359375 9.7952148438 -1.3018798828 -0.4833984375 -4.0100097656
1711954577686 -0.0287109375 -0.1244140625 9.8239257813 -1.3018798828 -0.4779052734 -4.0484619141
1711954577696 0.0191406250 -0.1770507813 9.8239257813 -1.3018798828 -0.4779052734 -4.0814208984
1711954577696 -0.0047851563 -0.1244140625 9.8143554688 -1.3018798828 -0.4779052734 -4.1198730469
1711954577701 0.0430664063 -0.2440429688 9.7617187500 -1.3018798828 -0.4724121094 -4.1583251953
1711954577711 -0.0526367188 -0.1196289063 9.8047851563 -1.3018798828 -0.4669189453 -4.1912841797
1711954577711 -0.0287109375 -0.1914062500 9.7952148438 -1.3018798828 -0.4669189453 -4.2297363281
1711954577716 -0.0047851563 -0.1483398438 9.7904296875 -1.3018798828 -0.4614257812 -4.2681884766
1711954577726 -0.0191406250 -0.1483398438 9.8047851563 -1.3073730469 -0.4614257812 -4.3011474609
1711954577726 -0.0143554688 -0.0669921875 9.8239257813 -1.3073730469 -0.4559326172 -4.3341064453
1711954577731 -0.0143554688 -0.0669921875 9.8239257813 -1.3073730469 -0.4559326172 -4.3725585938
1711954577741 -0.0143554688 -0.1483398438 9.8000000000 -1.3073730469 -0.4559326172 -4.4055175781
1711954577741 0.0000000000 -0.1387695313 9.8047851563 -1.3073730469 -0.4559326172 -4.4384765625
1711954577746 0.0000000000 -0.0909179688 9.8239257813 -1.3073730469 -0.4559326172 -4.4714355469
1711954577756 -0.0143554688 -0.1483398438 9.8669921875 -1.3018798828 -0.4614257812 -4.5098876953
1711954577756 -0.0095703125 -0.1291992188 9.8143554688 -1.2908935547 -0.4669189453 -4.5428466797
1711954577761 0.0382812500 -0.0478515625 9.7425781250 -1.2854003906 -0.4669189453 -4.5812988281
1711954577771 -0.0334960938 -0.1866210938 9.7377929688 -1.2799072266 -0.4724121094 -4.6142578125
1711954577771 -0.0430664063 -0.1004882813 9.7904296875 -1.2799072266 -0.4669189453 -4.6472167969
1711954577776 -0.0143554688 -0.1244140625 9.7856445312 -1.2799072266 -0.4669189453 -4.6856689453
1711954577786 -0.0334960938 0.0382812500 9.7473632813 -1.2799072266 -0.4614257812 -4.7131347656
1711954577786 -0.0765625000 -0.2201171875 9.7712890625 -1.2854003906 -0.4559326172 -4.7460937500
1711954577791 0.0430664063 -0.1579101563 9.6851562500 -1.3018798828 -0.4449462891 -4.7735595703
1711954577801 0.0095703125 -0.1196289063 9.8430664063 -1.3073730469 -0.4394531250 -4.8065185547
1711954577801 0.0334960938 -0.1770507813 9.9052734375 -1.3183593750 -0.4339599609 -4.8339843750
1711954577806 -0.0143554688 -0.1435546875 9.8095703125 -1.3183593750 -0.4284667969 -4.8669433594
1711954577816 -0.0191406250 -0.1052734375 9.8143554688 -1.3238525391 -0.4229736328 -4.8944091797
1711954577816 0.0000000000 -0.1531250000 9.8239257813 -1.3238525391 -0.4229736328 -4.9273681641
1711954577821 -0.0143554688 -0.1387695313 9.8095703125 -1.3238525391 -0.4229736328 -4.9603271484
1711954577831 -0.0047851563 -0.1483398438 9.7856445312 -1.3238525391 -0.4229736328 -4.9877929688
1711954577831 0.0239257812 -0.1387695313 9.8191406250 -1.3238525391 -0.4229736328 -5.0207519531
1711954577836 -0.0143554688 -0.1339843750 9.8000000000 -1.3238525391 -0.4174804688 -5.0482177734
1711954577846 0.0047851563 -0.1483398438 9.8047851563 -1.3238525391 -0.4174804688 -5.0756835938
1711954577846 -0.0143554688 -0.1387695313 9.8191406250 -1.3293457031 -0.4174804688 -5.1031494141
1711954577851 -0.0287109375 -0.1770507813 9.7760742188 -1.3293457031 -0.4174804688 -5.1306152344
1711954577861 -0.0095703125 -0.1579101563 9.7904296875 -1.3293457031 -0.4174804688 -5.1635742188
1711954577861 -0.0382812500 -0.1435546875 9.8047851563 -1.3293457031 -0.4119873047 -5.1910400391
1711954577866 -0.0239257812 -0.1387695313 9.7904296875 -1.3293457031 -0.4119873047 -5.2239990234
1711954577876 -0.0047851563 -0.1339843750 9.8191406250 -1.3293457031 -0.4119873047 -5.2514648438
1711954577876 -0.0095703125 -0.1196289063 9.7760742188 -1.3293457031 -0.4119873047 -5.2789306641
1711954577881 -0.0143554688 -0.1291992188 9.8047851563 -1.3348388672 -0.4119873047 -5.3063964844
1711954577891 -0.0239257812 -0.1291992188 9.7952148438 -1.3348388672 -0.4119873047 -5.3338623047
1711954577891 -0.0239257812 -0.1291992188 9.7760742188 -1.3348388672 -0.4064941406 -5.3613281250
1711954577896 -0.0143554688 -0.1339843750 9.7856445312 -1.3348388672 -0.4064941406 -5.3887939453
1711954577906 -0.0095703125 -0.1244140625 9.7856445312 -1.3348388672 -0.4064941406 -5.4162597656
1711954577906 -0.0143554688 -0.1483398438 9.8239257813 -1.3348388672 -0.4064941406 -5.4437255859
1711954577910 0.0000000000 -0.1483398438 9.7952148438 -1.3348388672 -0.4064941406 -5.4711914062
1711954577920 -0.0191406250 -0.1339843750 9.7952148438 -1.3348388672 -0.4064941406 -5.4931640625
1711954577921 -0.0095703125 -0.1387695313 9.8143554688 -1.3403320312 -0.4064941406 -5.5206298828
1711954577925 -0.0287109375 -0.1626953125 9.7856445312 -1.3403320312 -0.4064941406 -5.5480957031
1711954577935 -0.0191406250 -0.1483398438 9.7952148438 -1.3403320312 -0.4064941406 -5.5700683594
1711954577936 -0.0287109375 -0.1483398438 9.7904296875 -1.3403320312 -0.4010009766 -5.5975341797
1711954577940 -0.0095703125 -0.1100585938 9.7952148438 -1.3403320312 -0.4010009766 -5.6195068359
1711954577950 -0.0047851563 -0.1291992188 9.8047851563 -1.3403320312 -0.4010009766 -5.6469726562
1711954577950 -0.0047851563 -0.1339843750 9.8095703125 -1.3403320312 -0.4010009766 -5.6689453125
1711954577955 -0.0143554688 -0.1291992188 9.8047851563 -1.3458251953 -0.4064941406 -5.6909179688
1711954577965 -0.0239257812 -0.1148437500 9.7904296875 -1.3458251953 -0.4010009766 -5.7183837891
1711954577966 -0.0047851563 -0.1579101563 9.8000000000 -1.3458251953 -0.4010009766 -5.7403564453
1711954577970 0.0047851563 -0.1100585938 9.8143554688 -1.3458251953 -0.4010009766 -5.7623291016
1711954577980 -0.0287109375 -0.1148437500 9.8047851563 -1.3458251953 -0.4010009766 -5.7843017578
1711954577980 -0.0095703125 -0.1674804688 9.8095703125 -1.3458251953 -0.4010009766 -5.8062744141
1711954577985 -0.0095703125 -0.1674804688 9.8095703125 -1.3458251953 -0.4010009766 -5.8282470703
1711954577995 0.0000000000 -0.1626953125 9.7856445312 -1.3458251953 -0.4010009766 -5.8502197266
1711954577995 0.0095703125 -0.1483398438 9.8239257813 -1.3458251953 -0.3955078125 -5.8721923828
1711954578000 -0.0143554688 -0.1483398438 9.8000000000 -1.3458251953 -0.3955078125 -5.8941650391
1711954578010 -0.0191406250 -0.1579101563 9.8095703125 -1.3513183594 -0.3955078125 -5.9161376953
1711954578010 -0.0143554688 -0.1435546875 9.7952148438 -1.3513183594 -0.3955078125 -5.9381103516
1711954578015 0.0000000000 -0.1579101563 9.7856445312 -1.3513183594 -0.3955078125 -5.9600830078
1711954578025 -0.0191406250 -0.1387695313 9.8095703125 -1.3513183594 -0.3955078125 -5.9820556641
1711954578025 -0.0047851563 -0.1148437500 9.7856445312 -1.3513183594 -0.3955078125 -6.0040283203
1711954578030 -0.0239257812 -0.1531250000 9.8047851563 -1.3513183594 -0.3900146484 -6.0260009766
1711954578040 -0.0143554688 -0.1339843750 9.8047851563 -1.3513183594 -0.3900146484 -6.0479736328
1711954578040 -0.0143554688 -0.1483398438 9.8095703125 -1.3513183594 -0.3900146484 -6.0699462891
1711954578045 0.0000000000 -0.1291992188 9.7856445312 -1.3513183594 -0.3900146484 -6.0919189453
1711954578055 0.0000000000 -0.1626953125 9.8143554688 -1.3513183594 -0.3900146484 -6.1138916016
1711954578055 -0.0239257812 -0.1387695313 9.8095703125 -1.3568115234 -0.3900146484 -6.1303710938
1711954578060 -0.0239257812 -0.1339843750 9.7904296875 -1.3568115234 -0.3900146484 -6.1523437500
1711954578070 -0.0287109375 -0.1531250000 9.8143554688 -1.3568115234 -0.3845214844 -6.1743164062
1711954578070 -0.0287109375 -0.1291992188 9.8047851563 -1.3568115234 -0.3845214844 -6.1962890625
1711954578075 -0.0143554688 -0.1626953125 9.8000000000 -1.3568115234 -0.3845214844 -6.2127685547
1711954578085 -0.0382812500 -0.1196289063 9.8287109375 -1.3568115234 -0.3845214844 -6.2347412109
1711954578085 -0.0430664063 -0.1100585938 9.7856445312 -1.3568115234 -0.3845214844 -6.2567138672
1711954578090 -0.0143554688 -0.1148437500 9.8000000000 -1.3568115234 -0.3790283203 -6.2786865234
1711954578100 -0.0095703125 -0.1196289063 9.7952148438 -1.3623046875 -0.3790283203 -6.2951660156
1711954578100 -0.0047851563 -0.1148437500 9.8095703125 -1.3623046875 -0.3790283203 -6.3171386719
1711954578105 0.0000000000 -0.1196289063 9.8143554688 -1.3623046875 -0.3790283203 -6.3336181641
1711954578115 -0.0047851563 -0.1244140625 9.7856445312 -1.3623046875 -0.3790283203 -6.3555908203
1711954578115 0.0000000000 -0.1244140625 9.8047851563 -1.3623046875 -0.3735351562 -6.3775634766
1711954578120 -0.0047851563 -0.1531250000 9.8143554688 -1.3623046875 -0.3735351562 -6.3940429688
1711954578130 -0.0095703125 -0.1339843750 9.7952148438 -1.3623046875 -0.3735351562 -6.4105224609
1711954578130 0.0000000000 -0.1339843750 9.8000000000 -1.3623046875 -0.3735351562 -6.4324951172
1711954578135 -0.0334960938 -0.1291992188 9.8334960938 -1.3623046875 -0.3735351562 -6.4489746094
1711954578145 0.0047851563 -0.1435546875 9.8000000000 -1.3677978516 -0.3735351562 -6.4709472656
1711954578145 0.0095703125 -0.1483398438 9.7952148438 -1.3677978516 -0.3735351562 -6.4874267578
1711954578150 -0.0239257812 -0.1531250000 9.8000000000 -1.3677978516 -0.3735351562 -6.5039062500
1711954578160 -0.0095703125 -0.1483398438 9.8000000000 -1.3677978516 -0.3735351562 -6.5203857422
1711954578160 -0.0287109375 -0.1387695313 9.7856445312 -1.3677978516 -0.3735351562 -6.5423583984
1711954578165 0.0000000000 -0.1387695313 9.7808593750 -1.3677978516 -0.3680419922 -6.5588378906
1711954578175 0.0000000000 -0.1435546875 9.7952148438 -1.3677978516 -0.3680419922 -6.5808105469
1711954578175 0.0000000000 -0.1387695313 9.8000000000 -1.3677978516 -0.3680419922 -6.5972900391
1711954578180 -0.0047851563 -0.1196289063 9.8143554688 -1.3677978516 -0.3680419922 -6.6137695312
1711954578190 -0.0095703125 -0.1052734375 9.8095703125 -1.3677978516 -0.3680419922 -6.6302490234
1711954578190 -0.0095703125 -0.1052734375 9.8095703125 -1.3677978516 -0.3680419922 -6.6522216797
1711954578195 -0.0047851563 -0.1148437500 9.8095703125 -1.3732910156 -0.3625488281 -6.6687011719
1711954578205 -0.0239257812 -0.1244140625 9.8047851563 -1.3732910156 -0.3625488281 -6.6851806641
1711954578205 -0.0143554688 -0.1244140625 9.8334960938 -1.3732910156 -0.3625488281 -6.7071533203
1711954578210 -0.0287109375 -0.1244140625 9.8047851563 -1.3732910156 -0.3625488281 -6.7236328125
1711954578220 -0.0095703125 -0.1387695313 9.7712890625 -1.3732910156 -0.3625488281 -6.7401123047
1711954578220 -0.0334960938 -0.1483398438 9.7856445312 -1.3732910156 -0.3625488281 -6.7565917969
1711954578225 0.0000000000 -0.1722656250 9.8000000000 -1.3732910156 -0.3625488281 -6.7785644531
1711954578236 0.0095703125 -0.1100585938 9.8287109375 -1.3732910156 -0.3570556641 -6.7950439453
1711954578236 -0.0239257812 -0.1244140625 9.8000000000 -1.3732910156 -0.3570556641 -6.8115234375
1711954578240 -0.0239257812 -0.1244140625 9.8000000000 -1.3732910156 -0.3570556641 -6.8280029297
1711954578250 -0.0143554688 -0.1483398438 9.8047851563 -1.3732910156 -0.3570556641 -6.8444824219
1711954578251 -0.0047851563 -0.1244140625 9.8143554688 -1.3732910156 -0.3570556641 -6.8664550781
1711954578255 0.0000000000 -0.1339843750 9.8000000000 -1.3732910156 -0.3570556641 -6.8829345703
1711954578265 -0.0191406250 -0.1339843750 9.7952148438 -1.3732910156 -0.3570556641 -6.8994140625
1711954578266 -0.0095703125 -0.1387695313 9.7904296875 -1.3787841797 -0.3515625000 -6.9213867188
1711954578270 -0.0382812500 -0.1626953125 9.8191406250 -1.3787841797 -0.3515625000 -6.9378662109
1711954578280 -0.0191406250 -0.1579101563 9.8191406250 -1.3787841797 -0.3515625000 -6.9543457031
1711954578281 -0.0239257812 -0.1387695313 9.8095703125 -1.3787841797 -0.3515625000 -6.9708251953
1711954578285 0.0000000000 -0.1291992188 9.7760742188 -1.3787841797 -0.3515625000 -6.9927978516
1711954578295 0.0095703125 -0.1961914063 9.7952148438 -1.3787841797 -0.3515625000 -7.0092773438
1711954578295 -0.0478515625 -0.2249023438 9.8382812500 -1.3787841797 -0.3515625000 -7.0312500000
1711954578300 -0.0047851563 -0.1531250000 9.7856445312 -1.3787841797 -0.3460693359 -7.0477294922
1711954578310 -0.0095703125 -0.1339843750 9.7952148438 -1.3787841797 -0.3460693359 -7.0642089844
1711954578310 -0.0095703125 -0.1339843750 9.7952148438 -1.3842773438 -0.3460693359 -7.0806884766
1711954578315 0.0239257812 -0.1339843750 9.8047851563 -1.3842773438 -0.3460693359 -7.1026611328
1711954578325 -0.0334960938 -0.1244140625 9.8382812500 -1.3842773438 -0.3460693359 -7.1191406250
1711954578325 -0.0191406250 -0.1674804688 9.7856445312 -1.3842773438 -0.3460693359 -7.1356201172
1711954578330 -0.0191406250 -0.1339843750 9.7904296875 -1.3842773438 -0.3460693359 -7.1520996094
1711954578340 0.0000000000 -0.1387695313 9.8000000000 -1.3842773438 -0.3405761719 -7.1740722656
1711954578340 0.0000000000 -0.1387695313 9.8047851563 -1.3842773438 -0.3405761719 -7.1905517578
1711954578345 -0.0047851563 -0.1339843750 9.8334960938 -1.3842773438 -0.3405761719 -7.2015380859
1711954578355 -0.0095703125 -0.1435546875 9.7952148438 -1.3897705078 -0.3405761719 -7.2235107422
1711954578355 -0.0191406250 -0.1531250000 9.7760742188 -1.3897705078 -0.3405761719 -7.2399902344
1711954578360 0.0095703125 -0.1531250000 9.7712890625 -1.3897705078 -0.3405761719 -7.2564697266
1711954578370 -0.0191406250 -0.1531250000 9.7808593750 -1.3897705078 -0.3405761719 -7.2729492188
1711954578370 0.0000000000 -0.1244140625 9.8143554688 -1.3897705078 -0.3405761719 -7.2894287109
1711954578375 0.0430664063 -0.0669921875 9.8000000000 -1.3897705078 -0.3405761719 -7.3059082031
